Mandeville_ID	Common_Name	1	2	3	4	5	6	7	8
AMP19_0002	Western_Blacknose_Dace	0.376164256210128	0.00015068883889568	1.50256907674946e-05	0.547133894503117	0.0103557055590791	0.000377978629522986	5.48792450372117e-05	0.0657475707884878
AMP19_0003	Western_Blacknose_Dace	0.292708067571123	0.0146643787479649	2.18596032175932e-05	0.545470886220535	1.62150969590981e-05	0.000603849665937775	0.0875458261668682	0.0589689164863278
AMP19_0004	Western_Blacknose_Dace	0.0104395714631117	0.0637842632780472	5.15824882994028e-06	0.0271377786162729	1.94371824389592e-05	5.89655537844722e-05	0.00296779268264557	0.895587032794952
AMP19_0005	Western_Blacknose_Dace	7.54995007491358e-05	0.0137283973776114	4.34690232828419e-06	2.53426857339613e-05	1.87563034038707e-05	1.93765631257273e-05	2.83452317755281e-05	0.986099935034911
AMP19_0007	Western_Blacknose_Dace	0.000127914861541856	0.030485338445132	3.6818557643098e-06	0.969290172417959	7.10285966357696e-06	2.59494343745683e-05	4.84941478873227e-06	5.49907221056775e-05
AMP19_0008	Western_Blacknose_Dace	0.000163980153130068	0.0636040427858631	3.5068670116584e-06	0.91416713209947	0.000745175340357148	0.000105524044142937	2.74199873407518e-05	0.0211832183613442
AMP19_0009	Western_Blacknose_Dace	2.10017604900676e-05	7.33194733212987e-06	3.77992841874955e-06	5.49630492814135e-05	8.96729216746838e-06	3.58814833832893e-05	4.75999805937633e-06	0.999863315184911
AMP22_0004	Creek_Chub	0.127785812007884	1.29895364136034e-05	2.49455258456137e-05	0.871286590119203	1.16280345585382e-05	4.57652669594767e-05	6.59303449229193e-06	0.000825676747838106
AMP22_0005	Western_Blacknose_Dace	0.0295370845906436	6.38289268839291e-06	0.00556693966221064	0.000104316183104204	6.75467757423793e-05	4.14660070722555e-05	0.00410950139682973	0.96056676197052
AMP22_0007	Western_Blacknose_Dace	0.026589350588154	1.05133674098702e-05	5.15286792477751e-06	0.00787346221115	1.00334779004369e-05	1.73707768576474e-05	4.10024173172197e-06	0.965490016659101
AMP22_0011	Western_Blacknose_Dace	0.00018640101034565	1.45070447769097e-05	0.00210651684675637	0.00462412343145747	7.95546208728069e-06	3.37739197499728e-05	7.73261607808301e-06	0.993018989185492
AMP22_0013	Western_Blacknose_Dace	9.38292866248684e-05	3.98517315221254e-05	7.08464250128489e-06	0.0771966066636766	2.28802949233518e-05	0.000178466352908985	1.42258635944685e-05	0.92244705504179
AMP22_0014	Western_Blacknose_Dace	0.000110970475338149	7.54307285295453e-06	3.54223986131844e-06	0.000139667436731343	8.89913386590013e-06	4.33552262308057e-05	5.59292552384392e-06	0.99968042977651
AMP22_0015	Western_Blacknose_Dace	0.000528186820856521	7.31750424886786e-06	4.96769217422141e-05	0.000488473529783998	1.3822597788067e-05	3.02559729499244e-05	6.8177015895878e-06	0.998875449717045
AMP22_0017	Western_Blacknose_Dace	0.126045870551219	0.103639204022785	1.99278818178796e-05	0.00063579658024108	7.23887671145457e-05	0.000414513487025059	0.000463582824749537	0.768708715796471
AMP22_0022	Creek_Chub	0.00865936455664303	1.57524989177675e-05	0.0454016280695796	0.945363290727139	0.000119628081934023	0.000162973281543112	1.00026903277259e-05	0.000267360194359105
AMP22_0023	Creek_Chub	0.0261497463268073	0.0320890960643689	9.31103376287389e-06	0.933282643457254	0.00787653334776405	0.000103788408477384	5.71764345512319e-05	0.000431704908202145
AMP22_0024	Creek_Chub	0.00323067355356561	5.0241512819899e-05	3.15068368446872e-05	0.31519344732662	0.00103223225930382	3.91902929043003e-05	7.96084703663452e-06	0.680414746920268
AMP22_0028	Creek_Chub	6.92757171008416e-05	9.73524957316815e-06	4.00224945332182e-06	0.462706128507853	1.11809157109053e-05	0.537042539596558	1.85719783792229e-05	0.000138565250131241
AMP22_0029	Creek_Chub	0.34193745555977	2.83781083154455e-05	9.49752434998965e-06	0.6325196989278	0.0118454350300599	0.000328327426800037	0.0132564053611519	7.48024517712927e-05
AMP22_0030	Creek_Chub	9.6478211683818e-05	0.00904517950878168	4.63925370686293e-06	0.990170283456643	2.16264911668766e-05	6.74781260733915e-05	1.50730833867914e-05	0.000579242070160018
AMP22_0037	Creek_Chub	0.0486342083010823	0.000638949344044412	2.09638073382208e-05	0.891031369745731	0.053629068557173	5.53759650102807e-05	1.44429623759966e-05	0.00597562135936246
AMP22_0038	Creek_Chub	9.32872048453481e-05	1.28648811909782e-05	4.55437244560768e-06	0.999741414129734	7.98350531486439e-06	5.6165156563712e-05	8.15226953282779e-06	7.55789219557065e-05
AMP22_0044	Creek_Chub	0.0850200218868752	1.00703321948674e-05	4.73673592832666e-06	0.914483863631884	9.61430936518104e-06	3.16073317406035e-05	3.02224508913876e-05	0.000409863833844066
AMP22_0045	Creek_Chub	4.82683928963182e-05	1.6851042000281e-05	1.08902179428422e-05	0.999222609758377	1.4050444737965e-05	3.51441457199203e-05	2.27539449895724e-05	0.000629432908204862
AMP22_0046	Western_Blacknose_Dace	4.15527609360265e-05	0.000179872976136022	7.08725119532874e-06	0.00130301805694702	5.76698812836302e-06	9.29864907726456e-05	1.1640409745035e-05	0.998358075340589
AMP22_0048	Creek_Chub	0.000159356312349209	5.38893877988042e-05	9.54619381087988e-05	0.0014787125034774	0.980610337396463	0.00172825677168197	2.97845847460434e-05	0.0158442013618187
AMP22_0051	Western_Blacknose_Dace	0.00055154752381641	1.28182099413518e-05	7.49473072734144e-06	0.0346251103825229	0.00249051139726467	9.60695452505018e-05	1.79037862959762e-05	0.962198543985685
AMP22_0052	Western_Blacknose_Dace	0.0103985116772296	8.36274746034697e-06	4.15297597833369e-06	4.95899334887575e-05	7.83976759017105e-06	0.000138533123619543	1.67503039584007e-05	0.989376259883245
AMP22_0053	Creek_Chub	0.0436609945353121	1.39567483405938e-05	2.96577744401926e-05	0.890692450443904	0.00195880398247616	3.52110514640226e-05	7.58927554010536e-06	0.0636013367871443
AMP22_0054	Western_Blacknose_Dace	3.32886201615794e-05	1.00162446301248e-05	4.42982782643584e-06	0.00249312242738589	9.10924668242693e-06	4.05412188949423e-05	1.17808855389581e-05	0.997397712051868
AMP22_0058	Creek_Chub	0.00872446440239825	9.29639953839316e-06	4.48423374725801e-06	0.987759450395902	0.0034423377486916	3.67579550192074e-05	5.45808356522757e-06	1.77505886671185e-05
AMP22_0061	Creek_Chub	2.42617744870859e-05	1.72843324440425e-05	7.14256608689693e-06	0.999797674953938	6.84626138414369e-05	4.60582773810196e-05	1.12191534324196e-05	2.78966389753426e-05
AMP22_0062	Western_Blacknose_Dace	0.194301265505453	3.21188497169762e-05	5.4031864421629e-06	0.00168881456612762	6.70970777131009e-05	3.01788529398493e-05	7.42675869376984e-06	0.803867694934209
AMP22_0067	Creek_Chub	0.000123660701895207	1.71580556219083e-05	1.63517350587233e-05	0.976257930715879	1.78989219507274e-05	0.000382996731713704	0.0231328901446735	5.11129609900508e-05
AMP22_0071	Creek_Chub	0.107860871046782	1.14207493903131e-05	0.0004911727475679	0.00189533013509748	1.67327833674882e-05	0.000108714017213846	9.13408463800213e-06	0.889606624325117
AMP22_0072	Creek_Chub	3.75201516330181e-05	0.0388080456269284	8.41243974576681e-06	0.95376527317365	0.00600517812080216	4.42730319645801e-05	4.78244325272868e-05	0.00128347287565931
AMP22_0075	Creek_Chub	0.000133900207329324	9.598983202635e-05	0.00133453933575462	0.995099278052648	1.26355275012332e-05	0.00037305360597194	3.67692533649534e-05	0.00291383440402416
AMP22_0082	Common_Shiner	0.966898726483186	2.42202139732741e-05	1.42425093358023e-05	0.0144938184837851	0.000616620685309527	0.000129051534401979	0.0172931881317248	0.000530132228867737
AMP22_0084	Creek_Chub	0.0474523794495811	9.00498951650092e-06	4.45568235613567e-06	0.95009200501442	1.63413202086372e-05	0.000147798621000046	5.05282407142208e-06	0.00227296231074375
AMP22_0085	Creek_Chub	0.692617089231809	0.000670372510253573	0.0614643087126315	0.165073008702447	0.0080501611103482	0.000183658229110511	0.0718242765776813	0.000117125256369371
AMP22_0086	Hornyhead_Chub	0.546612848073244	3.18741630055345e-05	1.03211915818291e-05	0.000566224377661484	0.0374847781996553	0.0174393393034779	0.000121114909662997	0.397733499079943
AMP22_0088	Creek_Chub	1.83363754042546e-05	7.9304564464657e-06	4.67688922931243e-06	0.999691119651	0.000162173279495469	3.94439013878657e-05	3.47956382755415e-05	4.15240143978347e-05
AMP22_0093	Western_Blacknose_Dace	0.0115596292166059	8.22036193421981e-06	0.000104216183660315	0.785688086609046	0.000506701550551297	0.000272950064758737	8.06600264114753e-06	0.201852129926284
AMP22_0094	Western_Blacknose_Dace	0.000262116300888183	2.9167259093517e-05	1.12562189471209e-05	6.17998878487639e-05	2.57252481070497e-05	5.05918600161492e-05	1.77079045695526e-05	0.999541635930538
AMP22_0095	Western_Blacknose_Dace	0.0107534504880741	0.0563601119654874	0.197657362287243	0.000810572709634546	7.40862439565299e-05	0.000660043712514761	4.85763136408004e-05	0.733635796527068
AMP22_0096	Western_Blacknose_Dace	0.00567307475664763	0.0032401342101463	4.06052665024198e-06	0.000260336157295876	7.8660198710062e-06	2.17577733327871e-05	4.53042812702217e-06	0.990788240432739
AMP22_0099	Western_Blacknose_Dace	3.30074240409096e-05	0.00427436820150685	7.92713820480224e-06	0.00017755117853096	1.54112207540173e-05	0.00020880959069705	1.6584091309433e-05	0.995266340633233
AMP22_0101	Western_Blacknose_Dace	3.02218894452808e-05	1.04621378498906e-05	1.14850469609461e-05	0.0235258175764229	1.53892930795991e-05	3.2055219591322e-05	6.55238273444075e-06	0.976368016461531
AMP22_0102	Western_Blacknose_Dace	0.0546942773964256	1.18499597252164e-05	2.061975005528e-05	0.000776994812728092	1.08953091313967e-05	2.6786518824105e-05	7.1958490430527e-06	0.944451380928357
AMP22_0105	Western_Blacknose_Dace	8.83543565069006e-05	8.11600781452484e-06	1.44587360148962e-05	0.000316872157660239	9.3103877349044e-06	2.17264274820897e-05	2.43044929662632e-05	0.999516858140628
AMP22_0106	Western_Blacknose_Dace	0.0970279924037556	8.87659980572268e-06	0.0136100450667242	0.000162900558893764	1.20137777344893e-05	0.000110962117573119	2.50992863113781e-05	0.889042110582193
AMP22_0107	Western_Blacknose_Dace	0.0516751972809434	0.00606128377622614	0.132243229145805	0.00108238502793316	1.03733050012326e-05	3.40372902923524e-05	3.46175916795824e-05	0.808858876824379
AMP22_0108	Western_Blacknose_Dace	4.47162458215454e-05	0.0148722549445617	0.0637658213985463	0.000263535790514929	1.19321409439574e-05	7.88933885548234e-05	0.00590293400424222	0.915059912304083
AMP22_0110	Western_Blacknose_Dace	2.34258510052642e-05	5.799478388936e-06	0.00421778165995299	0.55588085625569	6.76329278947776e-06	3.07858172976805e-05	6.15907988310893e-06	0.439828428685665
AMP22_0114	Western_Blacknose_Dace	3.73398350757369e-05	2.71143375922261e-05	4.74831531786375e-06	0.00179688403967733	2.52069813789216e-05	9.94885992685513e-05	0.00300604326387353	0.995003174940745
AMP22_0116	Western_Blacknose_Dace	0.000247163650451031	9.85903729079978e-06	0.00438828586024465	0.000137873785827479	9.28283413630517e-06	3.68313239959928e-05	1.0162971926738e-05	0.995160540660222
AMP22_0117	Western_Blacknose_Dace	4.7705352789602e-05	1.38678444485869e-05	4.83326929383023e-06	0.000106210519194422	6.78656820414703e-05	3.58415269036721e-05	6.92907797808282e-06	0.999716747562091
AMP22_0118	Western_Blacknose_Dace	4.02778717846586e-05	1.25842169995202e-05	0.000427411969885153	0.000166975999631327	1.14837814969835e-05	3.50177955002663e-05	6.73787301966085e-06	0.999299510697524
AMP22_0122	Creek_Chub	2.18127824457396e-05	7.87439466296695e-06	3.37314003960678e-06	0.999907716274261	7.21585600878888e-06	2.19590443592851e-05	5.605100264395e-06	2.44441087363434e-05
AMP22_0123	Creek_Chub	8.68934222491616e-05	6.22183646025668e-06	0.000150391285043232	0.991867892642816	7.14575320232012e-06	2.67026175706063e-05	6.03214577251042e-06	0.00784872027761793
AMP22_0125	Creek_Chub	2.21566052054418e-05	8.23365343498574e-06	4.44767833458559e-06	0.999815521756808	9.58139411599484e-06	2.48101718798587e-05	5.09783954685983e-06	0.000110151452505016
AMP22_0126	Creek_Chub	3.52372367325637e-05	6.75173481901244e-06	5.26134913407336e-06	0.999857060571512	5.68194741860168e-05	1.7982067462963e-05	6.15810337399442e-06	1.47298107576176e-05
AMP22_0127	Creek_Chub	3.89369952612532e-05	8.25013577473592e-06	5.40364295769059e-06	0.999862691322962	6.56564147621612e-06	2.93824755641946e-05	4.43122747124973e-06	4.43391398666731e-05
AMP22_0128	Creek_Chub	2.80361124890036e-05	5.06460685878533e-06	3.95287821378638e-06	0.999662172834078	7.45349668941677e-06	2.57189187809012e-05	5.63411033108304e-06	0.000261967530290614
AMP22_0129	Creek_Chub	6.99773780091403e-05	9.45945123729226e-06	2.48514595863535e-05	0.999797826270262	7.01157873704816e-06	4.55244619065903e-05	5.75086330435955e-06	3.95994682926029e-05
AMP22_0130	Creek_Chub	0.0204204764198512	9.17158851775402e-06	4.11102775871998e-06	0.97913751355807	0.000348540472792671	4.08697787430761e-05	5.7994232523672e-06	3.35171785593415e-05
AMP22_0131	Creek_Chub	3.3006566772776e-05	6.44269805608211e-06	4.46923515078696e-06	0.999797245482604	0.000102304143303204	1.93061985925677e-05	4.00212032547634e-06	3.32247265484287e-05
AMP22_0133	Creek_Chub	0.153536105869959	4.71670914408898e-05	2.998832354581e-05	0.490910922547181	6.68538968712214e-05	6.14926203445083e-05	2.15965794153427e-05	0.355325872858365
AMP22_0136	Creek_Chub	2.9011081428233e-05	8.01020229029821e-06	3.91273957209901e-06	0.999897202412287	5.84781323072208e-06	1.84205341710091e-05	5.45314451616899e-06	3.21425286495858e-05
AMP22_0141	Creek_Chub	6.03992984329422e-05	9.87957132408849e-06	6.08322094141652e-06	0.434767434289058	6.28459777086328e-06	5.96476725673714e-05	0.5648221377333	0.000268133688663832
AMP22_0142	Creek_Chub	3.50265136837056e-05	9.85596108976309e-06	2.96082422077796e-06	0.99988065836827	6.73499596261573e-06	3.04462298399347e-05	4.72087389817576e-06	2.95968385135352e-05
AMP22_0143	Creek_Chub	0.00153074617075155	7.45340864650221e-06	4.07986324863123e-06	0.998301790396372	5.42241706634706e-06	1.48789641415322e-05	3.71145093469979e-05	9.85145106004165e-05
AMP22_0144	Creek_Chub	0.000200399190362103	6.75496349549498e-06	5.31688427408531e-06	0.999477763732274	1.48273269064317e-05	3.29467436429786e-05	6.00732806861996e-06	0.000255983703570522
AMP22_0145	Creek_Chub	1.99265282131062e-05	9.39862022094134e-06	3.37215498885743e-06	0.999888392587503	8.24897014517914e-06	3.56242080839965e-05	4.14850634994185e-06	3.08889280323012e-05
AMP22_0146	Creek_Chub	5.13945146544037e-05	7.05045532966803e-06	4.3750936291901e-06	0.999819977919261	8.10666421021663e-06	1.74852003013294e-05	4.10695107015763e-06	8.75039636444507e-05
AMP22_0148	Creek_Chub	3.33499101029407e-05	9.69236428798435e-06	2.93758756702864e-06	0.999898457249006	8.74248186307551e-06	1.5937977801617e-05	6.45002089237537e-06	2.44329159122442e-05
AMP22_0149	Common_Shiner	0.999846943596999	7.39847880476319e-06	3.83062354054849e-06	6.3719089066409e-05	8.99079898910906e-06	2.64553169376714e-05	6.06258897727163e-06	3.66000423801562e-05
AMP22_0150	Common_Shiner	0.938118359982967	6.90395985186489e-05	8.9419020290726e-06	0.0201710258562003	1.37436893240847e-05	0.000268852862402951	0.0155295928376727	0.0258204430939319
AMP22_0152	Common_Shiner	1.352869223458e-05	9.94100184576031e-06	3.17484356746939e-06	1.36284456923795e-05	5.73084373753625e-06	2.3557220110768e-05	0.999921871542931	8.56779616957146e-06
AMP22_0153	Common_Shiner	0.999580500046412	8.35213103571414e-06	3.22987102510687e-05	0.000293572402069024	6.68905928256904e-06	3.66468549273061e-05	5.67881076086777e-06	3.62620058024118e-05
AMP22_0154	Common_Shiner	0.999411587238312	8.5672523698583e-06	3.85585725325118e-06	0.000501464686260701	6.17255332608043e-06	2.35280787782069e-05	5.10710857805434e-06	3.97177312124706e-05
AMP22_0155	Rosyface_Shiner	4.87659168029847e-05	5.71048525437671e-06	3.55739088945557e-06	3.47467843909598e-05	2.31315946305985e-05	2.98141014388293e-05	0.999816787302494	3.74870762528778e-05
AMP22_0156	Rosyface_Shiner	0.000374442191274718	1.1231234554216e-05	1.66221202254457e-05	0.00300040762028023	0.000665370256351314	0.000435534206061166	0.995280646761258	0.000215745228742534
AMP22_0157	Rosyface_Shiner	1.79575208977449e-05	1.18152512554146e-05	0.0205298595353961	2.03882896214024e-05	9.64665209038626e-06	2.4506755670838e-05	0.979375398159027	1.0427749941838e-05
AMP22_0160	Rosyface_Shiner	1.12639826922252e-05	6.53845267653985e-06	2.80971019532782e-06	1.3612740501215e-05	7.57034831114552e-06	2.19967583693028e-05	0.999930067698161	6.14104834100222e-06
AMP22_0161	Rosyface_Shiner	0.0150148137965004	8.49003648187252e-06	4.2108085992499e-06	0.102081863818069	0.000159664991506967	0.00809155669545424	0.874446785867214	0.000192614067487968
AMP22_0164	Rosyface_Shiner	1.70175642631269e-05	4.80781590840883e-06	6.14204518770075e-06	2.72150724328494e-05	5.67959223268146e-06	1.16210726175261e-05	0.999910281598568	1.72353472061022e-05
AMP22_0165	Rosyface_Shiner	9.88188672773019e-06	5.68646246809031e-06	8.77514496030661e-06	1.16397231178161e-05	5.22910445097505e-06	1.537040535589e-05	0.999933346251647	1.00716197391545e-05
AMP22_0168	Rosyface_Shiner	2.38247247056942e-05	1.12773135914305e-05	4.10968111185882e-06	0.215220613117019	6.6719241500603e-06	8.79365661097889e-05	0.784595660924912	4.99053143969933e-05
AMP22_0169	Rosyface_Shiner	8.43223563394774e-06	4.48630854432734e-06	2.26624509718403e-06	9.21553118442769e-06	4.93663792136782e-06	1.67408437455039e-05	0.99994553532203	8.38763713850146e-06
AMP22_0170	Rosyface_Shiner	0.00396694360057376	2.61146389017418e-05	3.69418587843324e-06	0.00909597554658492	1.35177490129738e-05	3.87599073857238e-05	0.986759154121081	9.58401947899055e-05
AMP22_0174	Rosyface_Shiner	0.00030067339627115	1.02916731031416e-05	3.72059442497204e-06	0.00162284138072027	1.56167876517034e-05	0.000167289121026839	0.764855342805386	0.23302422401309
AMP22_0175	Rosyface_Shiner	1.28856158819879e-05	4.80460575278197e-06	3.31343102863594e-06	2.75478711812996e-05	7.28530766954978e-06	1.2798220140022e-05	0.999917340656122	1.40245904926869e-05
AMP22_0177	Rosyface_Shiner	1.48932144466554e-05	8.95422712102157e-06	5.14814774812178e-06	2.2624081605074e-05	0.00321152919325201	1.43027572094947e-05	0.996701640268167	2.09078989667118e-05
AMP22_0178	Rosyface_Shiner	1.32781222029191e-05	8.84726904662235e-06	4.35880535255559e-06	1.42479781615425e-05	0.00289741813094696	5.16314206712981e-05	0.996994447807471	1.57703861414777e-05
AMP22_0179	Rosyface_Shiner	1.94312211072335e-05	5.41221817623515e-06	4.7012093855533e-06	1.36347089325496e-05	1.18018377057149e-05	4.91641166488257e-05	0.99988425163428	1.16036707080691e-05
AMP22_0181	Rosyface_Shiner	2.10192073339562e-05	8.24744239945518e-06	4.06204561332646e-06	1.57385314804378e-05	9.59912990207453e-06	1.50001091339614e-05	0.999919241209825	7.0930652387366e-06
AMP22_0182	Rosyface_Shiner	9.41924404924278e-06	7.64033378873936e-06	4.31250006585401e-06	1.27669830560474e-05	2.68073638724986e-05	1.04343296091284e-05	0.999913909633954	1.47099779081147e-05
AMP22_0187	River_Chub	1.20769038572814e-05	0.999762226164341	3.61120449459612e-06	1.09061070883272e-05	0.000185323963487731	1.02014663779564e-05	4.96437323719845e-06	1.06902861653742e-05
AMP22_0188	River_Chub	3.00024662833403e-05	0.504034298916658	5.06467303151102e-06	0.49586918331186	7.7620530520317e-06	2.47694148867664e-05	4.61725368443736e-06	2.43022276815863e-05
AMP22_0189	River_Chub	1.48008802966864e-05	0.999945039769014	3.25579213399678e-06	7.73940840728054e-06	9.27240998058545e-06	8.2698286677206e-06	3.99082445314665e-06	7.63170382696931e-06
AMP22_0190	River_Chub	2.41680346702109e-05	0.999842835048835	4.4337371993423e-06	9.89872355228078e-06	8.88109558853261e-06	1.56404891938179e-05	8.19095680492035e-05	1.22338440341012e-05
AMP22_0191	River_Chub	6.78816793894489e-06	0.999960048675537	2.5079890471268e-06	7.14492820965395e-06	4.54474829764561e-06	8.8184526017055e-06	3.45096163026514e-06	6.6969287092581e-06
AMP22_0193	River_Chub	9.41277168163816e-06	0.9999364661177	3.19000178554611e-06	2.22360553667178e-05	5.05938098477354e-06	9.52856935553871e-06	4.54588881418535e-06	9.56184908256017e-06
AMP22_0194	River_Chub	9.63934776315829e-05	0.998650518000126	1.19881669100296e-05	0.000165922558033663	1.27571550619507e-05	0.000321343858553308	0.000653624177836588	8.7452194156422e-05
AMP22_0195	River_Chub	0.00161896599229714	0.992805790563424	6.61255065988185e-06	0.00193533688144832	8.36012489889286e-06	0.00352257681208778	9.12606350049089e-06	9.3231295146401e-05
AMP22_0197	Creek_Chub	6.41573793734652e-05	6.3530147156121e-06	1.47709980068588e-05	0.999797495643298	1.37102015869885e-05	1.59456722845491e-05	9.06111505591047e-06	7.85073542117425e-05
AMP22_0198	Common_Shiner	0.998472687482834	0.00132771836734059	3.38398951742596e-06	7.20097160140505e-05	1.02248233477993e-05	4.44422942667499e-05	4.05477534684186e-06	6.54789777896682e-05
AMP22_0201	Common_Shiner	0.931901111880938	1.40750972567578e-05	0.0172813516718646	0.000311545377116186	1.45255701018989e-05	0.000190434399199641	0.00292039897896999	0.0473665566081181
AMP22_0203	Common_Shiner	0.640320271492004	7.35554819464163e-06	4.50501464933323e-06	0.359603736191988	8.28311623082504e-06	3.68777962563763e-05	4.82939068726685e-06	1.41411945692918e-05
AMP22_0204	Common_Shiner	0.999611706038316	2.17217837308755e-05	1.03224370850767e-05	0.000265594870600894	9.72118051895264e-06	3.12985586746603e-05	6.34671126527545e-06	4.32890866620207e-05
AMP22_0205	Common_Shiner	0.998800446351369	2.18015866892193e-05	4.07670430631581e-06	0.000443508673864079	9.04947113282571e-06	0.000500864796995945	0.000159242883833683	6.10098737341794e-05
AMP22_0206	Common_Shiner	0.999572267949581	7.903497636438e-06	3.81429158632022e-06	0.000347217378521368	9.90767018897732e-06	2.56582048479385e-05	4.46296268445835e-06	2.87683483739442e-05
AMP22_0208	Common_Shiner	0.804360707759857	2.84917494090516e-05	2.08042146326937e-05	0.162910370756872	0.0160585956329014	5.98857050165629e-05	3.12647691060308e-05	0.0165298793609545
AMP22_0210	Common_Shiner	0.999596775591373	9.97464001473844e-06	2.87237435592935e-06	0.000322581999219186	9.12587061657493e-06	1.47274491731672e-05	5.02102879574179e-06	3.89216615471288e-05
AMP22_0211	Common_Shiner	0.8979295972387	4.57577818314704e-05	1.88949523966519e-05	0.0855631541572511	1.32551539919115e-05	0.000660437200299092	0.015552279811042	0.000216623454136204
AMP22_0212	Common_Shiner	0.994684347689152	0.000103145816065175	0.000126709210551875	0.00477573736054227	8.67462415995099e-06	0.000169807421140228	8.20069125747645e-06	0.000123377316015691
AMP22_0214	Common_Shiner	0.998672502617041	1.01697941248321e-05	0.000404036536506316	0.000695939477557425	8.34370657904918e-06	2.19893683444511e-05	5.95539521502209e-06	0.000181063308973287
AMP22_0215	Common_Shiner	0.999685078084469	1.07630869702319e-05	2.03808521300344e-05	0.000184109057679864	8.76213435447905e-06	4.82520694302788e-05	5.02466731184677e-06	3.76303043500588e-05
AMP22_0217	Common_Shiner	0.999528328259786	6.82895512169444e-06	3.69374308636999e-06	0.000400172338602347	8.18499343132207e-06	3.02657480200879e-05	4.60053026469216e-06	1.79257622365212e-05
AMP22_0218	Common_Shiner	1.72729252491017e-05	8.12754027443187e-06	3.9664354419176e-06	2.04651496801783e-05	6.30068738356783e-06	2.49725196384447e-05	0.999888861616453	3.00338401671529e-05
AMP22_0219	Common_Shiner	0.999389930148919	7.67718609141477e-06	3.89606495666959e-06	0.000484529054751776	9.22243933395899e-06	2.19988964542899e-05	4.52228220935207e-06	7.82248414294509e-05
AMP22_0220	Common_Shiner	0.999066210707029	0.000230218869922596	6.14891601785952e-06	0.000517625482413148	1.82309364995381e-05	2.24500480810004e-05	7.06634436721868e-06	0.000132048859589035
AMP22_0221	Common_Shiner	0.462368887056907	1.33486382695557e-05	4.50065674108712e-06	0.000109613691874353	8.29035307390757e-06	3.93881896074238e-05	0.53741924850146	3.67228153696826e-05
AMP22_0222	Common_Shiner	0.99978160883983	1.1240581472277e-05	4.48539435004665e-06	0.000126165729201316	9.67715162874222e-06	2.0764006310697e-05	6.2197424644538e-06	3.98387185061961e-05
AMP22_0225	Common_Shiner	0.999876899202665	5.75181948468642e-06	3.69010727643461e-06	3.19917462360953e-05	8.04791316584764e-06	3.61549552293194e-05	2.27127024204369e-05	1.47523307798285e-05
AMP22_0226	Common_Shiner	0.679645257989566	9.89017176936479e-06	3.27054574101277e-06	0.320277586236596	4.75917966545636e-06	4.11034475859704e-05	4.7038893765904e-06	1.3428736185981e-05
AMP22_0227	Common_Shiner	0.999580363810062	1.55468939275003e-05	4.28361119812104e-06	0.000263516974441553	9.25521644121663e-06	4.69077943449296e-05	2.29634189538865e-05	5.71634092530659e-05
AMP22_0228	River_Chub	2.78315709316403e-05	0.999925132354101	3.33609269310577e-06	1.19602901761664e-05	5.67909952337706e-06	9.01683572969354e-06	4.98985853355769e-06	1.20544182014628e-05
AMP22_0231	River_Chub	3.96497179639748e-05	0.999623342414697	6.95331068971924e-06	0.000205599849505725	1.28159125758605e-05	2.8288542442206e-05	7.41192283676093e-06	7.5938843052754e-05
AMP22_0232	River_Chub	0.000781387579287919	0.586461299906174	0.00139361314930937	0.00287444594906297	0.00135951025674215	0.00130131335249784	0.000108131111243487	0.405720298002164
AMP22_0234	River_Chub	9.3460162817615e-05	0.966700020472209	4.37157097514756e-06	0.0330554243487616	1.20849993428514e-05	2.64125793595745e-05	2.20096551994941e-05	8.62161966027786e-05
AMP22_0235	River_Chub	0.00124641274111859	3.07815128763815e-05	5.13271844324203e-06	0.000115970500013255	1.4945714756226e-05	4.54786194007742e-05	0.0159987459145486	0.982542532404264
AMP22_0236	River_Chub	3.52386716141592e-05	0.959175157745679	8.70190579144909e-06	0.0339384765438735	2.4427645256563e-05	0.000219618527672171	0.00647695670305984	0.000121422717197557
AMP22_0237	River_Chub	6.79891889403716e-05	0.998893874526024	5.80762352934207e-06	5.8845401121777e-05	8.93578929557206e-06	2.91579583633161e-05	1.26502089576854e-05	0.000922739268475519
AMP22_0241	Creek_Chub	0.00012498846660654	0.00222805884862609	2.87875899468665e-05	0.0226605668084844	2.17416697166771e-05	4.21221584190325e-05	0.00410062345816793	0.970793111046155
AMP22_0242	River_Chub	2.7972738317353e-05	0.520083974252144	3.38155341059492e-06	0.000266255977166128	1.0175542394224e-05	2.98239557893426e-05	5.45543575216315e-06	0.47957296059529
AMP22_0243	Common_Shiner	0.960820129434268	0.00905504707580743	5.5401198028863e-06	0.0299466385927517	7.80999071387244e-06	3.94000518272073e-05	5.38549346165373e-06	0.000120049254456776
AMP22_0244	Common_Shiner	0.888659489671389	9.45449191579326e-06	4.28816850054732e-06	0.111218389262756	6.66616764330613e-06	6.59570035412304e-05	7.32908237299502e-06	2.84263243621412e-05
AMP22_0245	Common_Shiner	0.730851514915625	6.38554068803511e-06	3.94171104969057e-06	0.252494451190035	8.61985949879876e-06	0.000117776151114518	0.0164707491757969	4.65614254157477e-05
AMP22_0249	Common_Shiner	0.997949308892091	1.25462474029764e-05	4.80500775852365e-06	9.41345885153313e-05	8.7051137230744e-06	3.01328308275759e-05	8.19189758684362e-06	0.00189217585537862
AMP22_0251	Common_Shiner	0.727176621615887	2.41758847076168e-05	1.73590120764085e-05	0.208317617438734	7.11664137461683e-05	8.52342128289431e-05	0.000385649790758008	0.0639221755098552
AMP22_0253	Common_Shiner	0.991607915461063	1.03650810940453e-05	0.00707222460675985	0.000284741145842531	9.34515045517331e-06	0.000780333235907836	1.69417209357728e-05	0.000218133229404929
AMP22_0254	Common_Shiner	0.974635968565941	2.28090925371069e-05	7.58409127075452e-06	0.0132152589749815	0.00812566799295018	0.000491289038111557	0.00316371094219529	0.000337711788676119
AMP22_0255	Common_Shiner	0.9892767709891	8.0770700107538e-06	3.08073052541053e-06	0.00049841602756428	0.0100805478997839	8.70624832105532e-05	1.67425666931066e-05	2.93022124717083e-05
AMP22_0258	Common_Shiner	0.330695792476336	1.04313035599548e-05	3.34355855339008e-06	0.669195444047451	7.97555466786776e-06	2.93397865462989e-05	5.93113459590934e-06	5.17421046062522e-05
AMP22_0259	Common_Shiner	0.997317655126254	1.41387495051046e-05	6.64090623531902e-06	0.000278823187421397	7.08588207157649e-06	2.14087123801457e-05	0.0023044521229264	4.97951606329405e-05
AMP22_0260	Common_Shiner	0.839283736407757	1.06228231516233e-05	9.90679386866848e-06	0.117814760788033	1.02101503699466e-05	2.95730934821118e-05	0.042795439955468	4.57503029556464e-05
AMP22_0261	Common_Shiner	0.86018775143226	0.000134946977014621	7.48962326222142e-06	0.13762425624455	1.01053248139407e-05	0.00016899131156924	0.00182835218523039	3.81067814213624e-05
AMP22_0264	Common_Shiner	0.988580309291681	1.23298208582579e-05	6.14168966838097e-06	0.0110047772377889	3.09033446192599e-05	7.1778216820983e-05	1.33652094096767e-05	0.000280395799151101
AMP22_0265	Common_Shiner	0.999389479418596	6.09405508420129e-06	4.03347186107453e-06	0.00051027032109825	7.02737291068194e-06	4.28822012717235e-05	1.59553734771864e-05	2.42583084583361e-05
AMP22_0266	Common_Shiner	0.999071756283442	1.1787083431758e-05	3.42075647883373e-06	0.000811129916332533	8.62909194865506e-06	2.24609600671826e-05	9.73360645378292e-06	6.10825314599969e-05
AMP22_0268	Common_Shiner	0.288037615095576	0.698638470947742	3.48706322626211e-06	0.0132256058089226	7.08806751210553e-06	3.47979730175791e-05	4.47902740941043e-06	4.84556946281041e-05
AMP22_0269	Common_Shiner	0.922732047359149	7.95572524893116e-06	5.884563535144e-06	0.0364106734730073	1.70840037606731e-05	0.000176524359163671	0.00371165635318418	0.0369381743830939
AMP22_0271	Common_Shiner	0.99562891638279	4.37225741191636e-05	6.47353522751155e-06	0.000955183132067719	8.78793142962582e-06	0.000143688276831424	0.00315526181908596	5.79668834407308e-05
AMP22_0273	Hornyhead_Chub	3.20178353053916e-05	7.60697683574039e-06	3.67159461922882e-06	0.50756192651391	0.492287062168121	2.67350888621257e-05	4.68723970782867e-05	3.41071686095398e-05
AMP22_0274	Creek_Chub	6.99537581816551e-05	9.20345133249114e-06	4.23941345704494e-06	0.996926602939765	7.18092039532006e-06	4.30010068074705e-05	0.00291078831263197	2.90306159944101e-05
AMP22_0275	Creek_Chub	6.69034533554573e-05	7.99116615385802e-06	6.47370309944098e-06	0.99764020584027	8.47179434440679e-06	2.66567782957188e-05	1.11481845530041e-05	0.00223214927088945
AMP22_0276	Creek_Chub	0.0119418454913229	9.19171178271553e-06	3.62920614203245e-06	0.9879631549716	8.41005067647963e-06	3.68269964026625e-05	5.1203317672454e-06	3.18209312219164e-05
AMP22_0280	Hornyhead_Chub	7.04605538548865e-05	0.0109124464388005	7.19513549744779e-06	0.000183772004917747	7.90035073377443e-06	0.000196113076219603	0.988486631711324	0.000135480758549558
AMP22_0281	Hornyhead_Chub	0.0109166465828331	2.84608410968062e-05	4.39686529810898e-06	0.000214136708066054	0.951504254480203	0.000543107436745339	0.0367600385720531	2.89589504038159e-05
AMP22_0282	Hornyhead_Chub	4.9073921708432e-05	0.000111935110452966	9.5707216730435e-06	0.000183795375983773	0.999543607711792	4.27952972505877e-05	1.15599603681583e-05	4.76626697866958e-05
AMP22_0283	Hornyhead_Chub	0.00487292273495472	0.0107213810734296	5.9873447897712e-06	0.000173096118265862	0.98405980326732	2.76157289846775e-05	4.87525079647401e-06	0.000134318742306887
AMP22_0284	Hornyhead_Chub	1.55588100624683e-05	4.02567067774804e-05	4.55398181997937e-06	1.62663357334284e-05	0.999889001727104	1.38294645622734e-05	4.75878866469057e-06	1.5775132165712e-05
AMP22_0285	Hornyhead_Chub	0.00176025283717481	0.00163680367346012	7.83100843217734e-06	0.000573695357043643	0.995456867059072	0.000292398416954876	1.76359783139539e-05	0.000254515788522585
AMP22_0287	Hornyhead_Chub	0.00252875162230456	1.44947113729534e-05	0.00024482837010244	0.00168587728595419	0.994937719186147	0.000278513204220726	8.56145604136289e-06	0.000301254186964611
AMP22_0289	Western_Blacknose_Dace	0.000120551403121889	8.10225694481775e-06	3.74352692790083e-06	8.53483231083095e-05	1.03351419530233e-05	3.97338096861077e-05	5.55710185173825e-06	0.999726628681024
AMP22_0290	Western_Blacknose_Dace	0.000159702828595206	9.92039148698471e-06	4.60940949462836e-06	0.000227654221709001	7.79201790404446e-05	3.63846704926275e-05	1.54300426096171e-05	0.999468378901482
AMP22_0291	Western_Blacknose_Dace	5.60666757680332e-05	7.50005916530268e-06	3.95224642818314e-06	0.000171705956678694	6.65923075577998e-06	3.44166563814199e-05	5.39521694293942e-06	0.999714304963748
AMP22_0292	Western_Blacknose_Dace	4.73700414558252e-05	8.99588761240596e-06	3.84210941588083e-06	6.42967572010858e-05	9.65658994751773e-06	2.5820343531943e-05	5.03006437147031e-06	0.99983498865366
AMP22_0293	Central_Stoneroller	2.74797593717796e-05	8.12026301146272e-06	0.988213272651037	3.51829337314819e-05	0.0116708021634258	1.85820804383429e-05	4.30350718565731e-06	2.22566285926636e-05
AMP22_0294	Central_Stoneroller	1.03489385569406e-05	6.37387082669003e-06	0.999934980114301	1.34920796054482e-05	1.03498259496271e-05	7.4419373837595e-06	4.71052504798459e-06	1.23032312520086e-05
AMP22_0295	Central_Stoneroller	9.95603687531826e-06	5.51567339848574e-06	0.999945654491583	1.54435650311078e-05	6.982310281077e-06	7.36566795381144e-06	3.40820328841582e-06	5.67505747890791e-06
AMP22_0297	Central_Stoneroller	5.97128365726437e-05	1.7113833912799e-05	0.523059144218763	0.476784209579229	6.41413526681068e-06	2.98204859574875e-05	7.0886012113557e-06	3.64964062899844e-05
AMP22_0298	Western_Blacknose_Dace	5.93574850808166e-05	9.5466573247704e-06	4.41717195597721e-06	0.000164317902696132	6.47742830283286e-06	3.55053017154448e-05	5.95781706904403e-06	0.999714421053727
AMP22_0302	Western_Blacknose_Dace	3.69362511849922e-05	6.19918796714259e-06	0.00023790213206911	0.00017816929419638	7.78234014685994e-06	2.49798832761334e-05	4.6552289234914e-06	0.999503376404444
AMP22_0303	Central_Stoneroller	8.9190589799979e-05	1.82408253655022e-05	0.856697945694129	0.142837430469692	1.21832131593636e-05	3.18973378172041e-05	2.04523445139551e-05	0.000292659540249173
AMP22_0304	Western_Blacknose_Dace	4.94836099786455e-05	6.57625675944635e-06	0.0017000688066966	0.000123119085361739	1.1650483240666e-05	2.10778884076796e-05	1.94665916359331e-05	0.998068557222684
AMP22_0305	Western_Blacknose_Dace	4.64217736368439e-05	6.9014972314751e-06	5.20085318945565e-06	0.000669209040151818	8.67943975999141e-06	2.85421590491948e-05	6.7391341449722e-06	0.999228306690852
AMP22_0306	Western_Blacknose_Dace	2.78874919871544e-05	5.71849802102588e-06	4.95929521600378e-06	0.000171208003452478	6.76324280726991e-06	1.94369225364762e-05	4.86105627492048e-06	0.999759166479111
AMP22_0307	Central_Stoneroller	5.33750108448474e-05	8.98974213123304e-06	6.08478621489645e-06	0.000258647527754838	9.04929316061316e-06	2.78493676983964e-05	4.42967438930027e-06	0.999631575524807
AMP22_0309	Western_Blacknose_Dace	5.43506438324167e-05	1.10160809819102e-05	3.91773284464683e-06	6.40553887248731e-05	1.17589925349821e-05	2.92401792998539e-05	6.01520124763936e-06	0.99981964657704
AMP22_0310	Central_Stoneroller	8.76062535649177e-06	5.6396118876897e-06	0.999948394815127	7.4572235740028e-06	6.66036154998661e-06	9.20918568326631e-06	4.41328504392589e-06	9.46510092334708e-06
AMP22_0311	Western_Blacknose_Dace	3.11226107620021e-05	8.58179391315272e-06	4.04536569336601e-06	6.20042180645824e-05	7.61738295220626e-06	3.28309963428188e-05	4.64015742425728e-06	0.999849158068498
AMP22_0313	Central_Stoneroller	1.10876119410168e-05	0.410472756147385	0.589449713567893	1.41874821266329e-05	1.24992399925439e-05	1.86151841761984e-05	4.90968888691143e-06	1.62313388829624e-05
AMP22_0315	Western_Blacknose_Dace	3.16572494002304e-05	4.36864627761309e-05	3.49004350882288e-06	9.27140239828367e-05	8.59769457680086e-06	1.72317761614631e-05	5.52962469064445e-06	0.999797094146411
AMP22_0317	Western_Blacknose_Dace	0.000144038633330965	8.44167880569779e-06	0.000144895937675147	0.000156627435833843	6.67508810829238e-06	8.50186924082947e-05	5.90318801174119e-06	0.999448399285475
AMP22_0318	Common_Shiner	0.999694932202498	7.80176942922708e-06	4.19803435674786e-06	0.000234232559301394	5.70052375692243e-06	2.4910297090731e-05	6.03634686602456e-06	2.21888791531907e-05
AMP22_0319	Common_Shiner	0.999743009785811	6.19704006033895e-06	4.70854008718213e-06	0.000171058456867219	9.65668996455614e-06	2.21307265111034e-05	5.80003196707009e-06	3.74395324487219e-05
AMP22_0321	Common_Shiner	0.999793879369895	9.33836947209008e-06	3.7221942515404e-06	5.34442007702001e-05	1.01411061224418e-05	3.8223080735661e-05	5.81901820996566e-06	8.54335727135133e-05
AMP22_0322	Common_Shiner	0.0323209891244712	4.01480817707986e-05	3.25506563631988e-05	0.0301521302460705	2.4065316829417e-05	0.0272072087557793	7.69327585165459e-05	0.910145974854628
AMP22_0324	Common_Shiner	0.998070895691713	9.2537040808677e-06	7.6099250419716e-06	0.00181808341498802	8.69100969850359e-06	3.32460649959101e-05	6.25337279138423e-06	4.59672858706386e-05
AMP22_0325	Common_Shiner	0.999018188913663	7.80661737333882e-06	3.58210101417584e-06	0.00085939326593229	5.48576642405133e-06	3.13683013633021e-05	4.97139000422507e-06	6.92047120439678e-05
AMP22_0326	Common_Shiner	0.999811524490515	2.78484802684916e-05	4.20385663981884e-06	9.24620251453998e-05	7.04951482412508e-06	1.89672425349151e-05	6.59897955795591e-06	3.13455504323658e-05
AMP22_0329	Common_Shiner	0.999842397868633	7.63549933257483e-06	2.31234295405764e-05	5.80966190730392e-05	6.99775607789219e-06	1.74933671337099e-05	3.85477277811194e-06	4.04010431807372e-05
AMP22_0331	Common_Shiner	0.999848330120246	9.02775650849749e-06	1.18546138530504e-05	5.72884002030483e-05	6.35986937752275e-06	3.51987454560184e-05	1.0184618708783e-05	2.17563736325405e-05
AMP22_0332	Common_Shiner	0.999388494392236	8.76723621251763e-06	5.46453348954962e-06	0.000525640012130987	9.33668816109148e-06	1.92276595590419e-05	4.30205543045698e-06	3.87678709211651e-05
AMP22_0333	Common_Shiner	0.999823295434316	8.68798602401917e-06	4.57450313032371e-06	0.000102223328655903	8.28641333665721e-06	2.1641181433491e-05	4.81355200289822e-06	2.64786638336189e-05
AMP22_0335	Common_Shiner	0.982335820039113	8.59001348879283e-06	8.12969386300624e-06	0.0165178664831239	1.00562091648273e-05	5.56912573913403e-05	6.41728691811629e-06	0.00105742954125575
AMP22_0337	Common_Shiner	0.999285538057486	8.25703469644354e-06	3.28066940764832e-06	0.000358047625697649	1.07476646803478e-05	1.50543152151813e-05	5.53348517021695e-06	0.000313541250641316
AMP22_0340	Common_Shiner	0.998329177101453	8.64532904164043e-06	0.00147224146281428	0.000109667919931406	9.74272631938213e-06	3.97367822434401e-05	1.29862720906559e-05	1.78022571777138e-05
AMP22_0341	Common_Shiner	0.999586517969767	7.07196356882746e-06	4.46849440062546e-06	0.000280181231512244	1.30091309159655e-05	5.11943967901319e-05	4.77469827186905e-06	5.27825642877849e-05
AMP22_0342	Common_Shiner	0.999525032977263	6.29549492154531e-06	4.31700456773055e-06	0.00034693118000301	6.33918944675728e-06	2.31097962062575e-05	4.87771625126333e-06	8.30970157852314e-05
AMP22_0343	Common_Shiner	0.999826769649982	7.9330113310175e-06	4.61619143631458e-06	9.81581819632275e-05	6.81210465584555e-06	1.23852567496897e-05	4.72402317547535e-06	3.86024816791121e-05
AMP22_0344	Common_Shiner	0.940677842140198	9.71136763280801e-06	4.3520023923048e-06	0.0591724388028185	7.43215023958284e-06	4.98047230893692e-05	5.19393640569834e-06	7.32247454855602e-05
AMP22_0347	Common_Shiner	0.9984211845994	1.14537111208183e-05	5.21951744207238e-06	0.000128269710085195	9.16656814688719e-06	4.71549918747284e-05	0.00134442370042796	3.31271930997086e-05
AMP22_0350	Hornyhead_Chub	9.66226512508814e-06	5.11431352950846e-06	3.45012006952705e-06	1.01264195067811e-05	0.999950242559115	7.25857633315376e-06	3.67620934866539e-06	1.04700148372739e-05
AMP22_0351	Hornyhead_Chub	1.23276577854837e-05	2.696053005823e-05	0.00313022322661709	9.61836669631812e-06	0.996797279278437	9.74997436420625e-06	4.14173025620775e-06	9.69911240320523e-06
AMP22_0352	Hornyhead_Chub	0.00850296972544383	1.13063428388976e-05	5.54590366508167e-06	0.000235850866623675	0.991169278363387	2.99797455372416e-05	4.89457856843359e-06	4.0174434854163e-05
AMP22_0353	Hornyhead_Chub	1.06617448823695e-05	5.39876849370965e-06	3.1234926288215e-06	8.68579868056276e-06	0.999949196080367	8.59127955538157e-06	3.45896833038284e-06	1.08842579035121e-05
