Mandeville_ID	Common_Name	1	2	3	4	5	6
AMP19_0002	Western_Blacknose_Dace	2.93731139544937e-05	0.0118933871032981	0.548670024991035	2.43859701925474e-05	0.000217386765974355	0.439165442198515
AMP19_0003	Western_Blacknose_Dace	1.46786303264479e-05	3.10567331117655e-05	0.56231549975276	0.0897256680155794	0.0160431080192017	0.331869988838832
AMP19_0004	Western_Blacknose_Dace	5.98582975236139e-06	1.89319039013232e-05	0.933805478354295	0.0029438918318483	0.0568483654484153	0.00637734684257139
AMP19_0005	Western_Blacknose_Dace	7.39131778064046e-06	9.19803492038173e-05	0.98636778229475	5.45964174298667e-05	0.0134064400045512	7.18092325272672e-05
AMP19_0007	Western_Blacknose_Dace	5.26313442004083e-06	9.32791273194372e-06	0.967544579605262	6.15210568210329e-06	0.0321991674515108	0.000235509885182655
AMP19_0008	Western_Blacknose_Dace	4.72867337304009e-06	0.000804651472318455	0.933225650707881	1.58470067317283e-05	0.0657555473620693	0.000193574476522498
AMP19_0009	Western_Blacknose_Dace	1.25767577876278e-05	7.28599548904017e-06	0.999922221442064	6.00044798919997e-06	1.03800638871122e-05	4.15359753087812e-05
AMP22_0004	Creek_Chub	5.11045429696841e-06	1.23769339525466e-05	0.822133515139421	7.44815715610545e-06	1.13720552713529e-05	0.177830177299678
AMP22_0005	Western_Blacknose_Dace	0.00532943801880659	0.00011692859987885	0.972146989325682	0.00386705402665151	1.00633794705808e-05	0.0185295264173765
AMP22_0007	Western_Blacknose_Dace	4.57848995274971e-06	1.08257314419394e-05	0.985238490422567	7.79647153312933e-06	9.27791092115475e-06	0.014729030532646
AMP22_0011	Western_Blacknose_Dace	0.00205512719225468	1.07208766301959e-05	0.997810090025266	9.68192482980014e-06	1.14325957113978e-05	0.000102946980072737
AMP22_0013	Western_Blacknose_Dace	1.10585635203993e-05	1.10981163070958e-05	0.9998951207002	1.20625389471825e-05	2.16555191349751e-05	4.90046674668072e-05
AMP22_0014	Western_Blacknose_Dace	4.32935466604595e-06	6.9183419361186e-06	0.999898996671041	6.06793116904934e-06	7.77171388015876e-06	7.59171052489664e-05
AMP22_0015	Western_Blacknose_Dace	7.7688136285104e-05	1.17634019580441e-05	0.999520735025406	6.44784215158673e-06	8.83621747124618e-06	0.000374530008440398
AMP22_0017	Western_Blacknose_Dace	3.93528163307255e-05	4.77856834716275e-05	0.834956512212753	0.000417978791317383	0.096170978628099	0.0683673917707056
AMP22_0022	Creek_Chub	0.0457463778058688	9.38181183273627e-05	0.940247481783231	1.23163770187225e-05	1.67034093728647e-05	0.0138833029807292
AMP22_0023	Creek_Chub	1.25945854033984e-05	0.00821576446760446	0.923461596310139	6.33064700114399e-05	0.0346127470973879	0.0336339912270196
AMP22_0024	Creek_Chub	5.64641244760299e-05	0.0014425853303084	0.99565185101827	7.69018935821936e-06	1.69811376631216e-05	0.00282442803314232
AMP22_0028	Creek_Chub	5.62277394791279e-05	0.000439482339979196	0.782756785949071	0.0792047337517142	0.00668153009788754	0.130861240396897
AMP22_0029	Creek_Chub	7.91652486846411e-06	0.0128371835474391	0.533358894258738	0.0134244550736621	4.80908883037812e-05	0.440323459436496
AMP22_0030	Creek_Chub	4.89112842910997e-06	1.57133244970186e-05	0.990698347568512	1.05450638092331e-05	0.0089638678659685	0.000306635035203258
AMP22_0037	Creek_Chub	2.45286635016026e-05	0.0524810147471726	0.890290175120036	2.21060548086745e-05	0.000571732673199335	0.0566104431309116
AMP22_0038	Creek_Chub	7.40244306726958e-06	9.42302159222567e-06	0.999904742459456	1.21245441445311e-05	1.40837104168604e-05	5.22244569605415e-05
AMP22_0044	Creek_Chub	4.90826268131269e-06	1.04512078297144e-05	0.882393233935038	7.72189015501944e-06	1.33411916187039e-05	0.117570343459646
AMP22_0045	Creek_Chub	1.05508741336554e-05	2.34629681463035e-05	0.999779103179773	1.37660479735647e-05	1.86736973349944e-05	0.000154443677845513
AMP22_0046	Western_Blacknose_Dace	5.33436616639418e-06	8.04884982119564e-06	0.999586003820101	7.7974493472226e-06	0.000356478438004426	3.63370294757899e-05
AMP22_0048	Creek_Chub	0.000141424990037358	0.97802976189057	0.0198845887031479	0.000108777793910615	3.54130966888043e-05	0.00180003380221004
AMP22_0051	Western_Blacknose_Dace	8.95059511509177e-06	0.00243238045890948	0.997347087184588	1.11958080510601e-05	1.99823060040346e-05	0.00018040412484055
AMP22_0052	Western_Blacknose_Dace	4.7255020805597e-06	6.8056455845246e-06	0.992627373278141	9.18411823961926e-06	8.63349879657225e-06	0.00734327840894116
AMP22_0053	Creek_Chub	2.57937562401613e-05	0.00201968036209827	0.939775430878003	1.07501770422138e-05	2.21391607223581e-05	0.0581462054196745
AMP22_0054	Western_Blacknose_Dace	4.71145648911668e-06	1.31884910226758e-05	0.999940080066522	4.52955948736229e-06	6.84700732372912e-06	3.06445436582742e-05
AMP22_0058	Creek_Chub	5.69272589198965e-06	0.00307209717583464	0.982447941203912	6.23768033022001e-06	1.07213843684894e-05	0.0144573099332241
AMP22_0061	Creek_Chub	7.21515983527256e-06	6.07271753178668e-05	0.999808132032553	1.07926435397476e-05	2.64753082604975e-05	8.66583128085316e-05
AMP22_0062	Western_Blacknose_Dace	6.91185808673328e-06	5.53192508812055e-05	0.882097173571587	7.85579152006454e-06	2.25868338682987e-05	0.117810152458648
AMP22_0067	Creek_Chub	1.39928971088061e-05	1.9287974713002e-05	0.973640842099984	0.0258965670277054	4.07025617967236e-05	0.000388607870470871
AMP22_0071	Creek_Chub	0.000880345788845822	1.41634202090949e-05	0.935024411777655	2.1989733131603e-05	1.24710807564355e-05	0.0640466181126734
AMP22_0072	Creek_Chub	9.06713678607569e-06	0.00620372470689472	0.95321159162124	5.36797983753886e-05	0.0404202538927396	0.000101682854356
AMP22_0075	Creek_Chub	0.00123555570441565	1.24867173366986e-05	0.998044359644254	2.16324414939567e-05	0.000105193397616085	0.000580771956336091
AMP22_0082	Common_Shiner	1.0117526304148e-05	0.000770469091908164	0.0104120062489589	0.0171556586598357	2.003794864743e-05	0.971631710429986
AMP22_0084	Creek_Chub	4.15223787459893e-06	6.42904221309587e-06	0.932806724627813	7.36997020043431e-06	8.68770079477046e-06	0.0671666361528138
AMP22_0085	Creek_Chub	0.0612016121484339	0.00941498893337363	0.00361879154743842	0.074118782962362	0.00191853488559171	0.84972728874286
AMP22_0086	Hornyhead_Chub	1.84080062228645e-05	0.0368999341940507	0.466135098338127	0.000344436040802786	4.12795844689033e-05	0.496560843259096
AMP22_0088	Creek_Chub	4.03812680177128e-06	0.000136944010690714	0.999782244225343	2.70100968444068e-05	1.04785287184305e-05	3.92855884074223e-05
AMP22_0093	Western_Blacknose_Dace	9.2749887258584e-05	0.000692312498701331	0.985986816982428	9.67585068930751e-06	9.13971958817873e-06	0.013209305196496
AMP22_0094	Western_Blacknose_Dace	8.37049099641806e-06	3.32206071103331e-05	0.999878293335438	1.72193189585232e-05	1.5310825348542e-05	4.75859209231141e-05
AMP22_0095	Western_Blacknose_Dace	0.189522000680367	5.29926396345094e-05	0.754768588562806	1.99073706126396e-05	0.0509851917500297	0.00465131856301846
AMP22_0096	Western_Blacknose_Dace	4.42144799508156e-06	1.23850501475904e-05	0.991205418447653	6.68036526346892e-06	0.00319806308074233	0.00557303166691585
AMP22_0099	Western_Blacknose_Dace	8.08123827146721e-06	2.40103018804565e-05	0.996067522903283	2.29427467984205e-05	0.00385004617415964	2.73971927890049e-05
AMP22_0101	Western_Blacknose_Dace	2.28831711802633e-05	1.01631487068652e-05	0.999911647200584	6.56319304679575e-06	9.53459799724463e-06	3.92093928334262e-05
AMP22_0102	Western_Blacknose_Dace	4.78235591352623e-05	1.03818851992392e-05	0.970741259137789	1.1100956690307e-05	9.96083179538488e-06	0.0291794731430709
AMP22_0105	Western_Blacknose_Dace	1.55426373263392e-05	1.07458065615906e-05	0.999874076406161	5.70035258369129e-05	1.00076733330191e-05	3.2624336874699e-05
AMP22_0106	Western_Blacknose_Dace	0.0130556012854601	1.6149404735113e-05	0.925950651347637	5.94215853629123e-05	8.37603822572926e-06	0.0609098004015783
AMP22_0107	Western_Blacknose_Dace	0.12726078949372	2.2626124241492e-05	0.833162301460902	3.66868289805088e-05	0.00536080746242078	0.0341567883764704
AMP22_0108	Western_Blacknose_Dace	0.061587242996941	1.73867476140231e-05	0.918127416928609	0.0058116718629996	0.0144033618789011	5.29190345918128e-05
AMP22_0110	Western_Blacknose_Dace	0.00414003743987996	1.00793287149791e-05	0.99577426113685	6.69116974826849e-06	6.0192134815434e-06	6.29112197789749e-05
AMP22_0114	Western_Blacknose_Dace	5.21752943577649e-06	2.01964064226691e-05	0.996953346530596	0.00285692358590313	3.3398415324982e-05	0.000130917386894553
AMP22_0116	Western_Blacknose_Dace	0.00423688584835812	1.08540903488543e-05	0.995536680062612	1.02885102058758e-05	1.34944398527452e-05	0.000191797374805031
AMP22_0117	Western_Blacknose_Dace	9.78342819642453e-06	0.000176244955997024	0.999747361560663	7.85516400411444e-06	9.39871966819295e-06	4.93564834322028e-05
AMP22_0118	Western_Blacknose_Dace	0.00076304892780888	2.24584262462419e-05	0.999141241212686	8.55859854486444e-06	2.10616661838041e-05	4.36311473273268e-05
AMP22_0122	Creek_Chub	5.02841116800609e-06	1.07697050787947e-05	0.999924167195956	6.18970874866952e-06	1.03096559104742e-05	4.35356664023367e-05
AMP22_0123	Creek_Chub	9.67344005552299e-05	1.17127503974223e-05	0.999797258496285	7.14700075003558e-06	9.96494586917865e-06	7.7183287985301e-05
AMP22_0125	Creek_Chub	5.03898525876848e-06	8.55345666459752e-06	0.999908347407977	9.40398872931916e-06	8.58265316021694e-06	6.00748067126892e-05
AMP22_0126	Creek_Chub	4.73452425123551e-06	5.3875170472007e-05	0.99986543349425	6.29155841040746e-06	8.42508335839889e-06	6.12408249858421e-05
AMP22_0127	Creek_Chub	6.06534064201061e-06	1.1125816025599e-05	0.99993783446153	5.52658181573145e-06	5.1412999796947e-06	3.4307030685461e-05
AMP22_0128	Creek_Chub	5.18725723533066e-06	9.12222441053417e-06	0.999942098458608	6.96103852054461e-06	1.17172888491721e-05	2.4914107592387e-05
AMP22_0129	Creek_Chub	1.56298476720201e-05	1.10199065702068e-05	0.999869717140992	6.04781285691509e-06	1.29396945373187e-05	8.4645971341464e-05
AMP22_0130	Creek_Chub	4.04967492325117e-06	0.000208130748203811	0.969059401492278	6.56094915114743e-06	9.11764147774026e-06	0.0307127398989784
AMP22_0131	Creek_Chub	3.96261449487516e-06	9.34516871748551e-05	0.999814180890719	5.71110150994142e-06	1.0281553188722e-05	7.24126276832359e-05
AMP22_0133	Creek_Chub	1.75071726979476e-05	2.54212615766619e-05	0.861228665351868	2.18938196080423e-05	4.4245946782703e-05	0.138662266562382
AMP22_0136	Creek_Chub	4.34386939956181e-06	1.0000907368716e-05	0.99993049410979	4.53976094573184e-06	8.1826827573204e-06	4.24392999641066e-05
AMP22_0141	Creek_Chub	5.43325995589491e-06	1.11044280072249e-05	0.428452175378799	0.571367273588975	8.14830519607616e-06	0.000155865038008767
AMP22_0142	Creek_Chub	3.34334441540643e-06	8.09597417028782e-06	0.999899225731691	4.95992777686202e-06	1.15677655748309e-05	7.28077857208722e-05
AMP22_0143	Creek_Chub	4.94526688849658e-06	9.86519424156328e-06	0.996692279795806	1.77025661729937e-05	1.02184078933659e-05	0.00326498879779121
AMP22_0144	Creek_Chub	7.69671240572824e-06	7.36908936312188e-06	0.999874884227912	5.50382322688668e-06	8.42923876143751e-06	9.61172990126111e-05
AMP22_0145	Creek_Chub	3.38534308059639e-06	1.00457145295046e-05	0.999933195650578	6.01238511700657e-06	1.03042940939275e-05	3.70575267851459e-05
AMP22_0146	Creek_Chub	5.2977738345851e-06	9.32128517497058e-06	0.999929816464583	4.41027065876712e-06	8.05091545174527e-06	4.31043788793367e-05
AMP22_0148	Creek_Chub	4.30486416692347e-06	1.07664341198371e-05	0.99991441510121	5.47258230252015e-06	1.07623654268136e-05	5.42795238543145e-05
AMP22_0149	Common_Shiner	3.739522527916e-06	1.14494010606088e-05	0.000105374165349539	5.73939705059397e-06	6.98157476872877e-06	0.99986671658357
AMP22_0150	Common_Shiner	1.0555632215541e-05	1.14769721703977e-05	0.0769086648672819	0.0150585667812265	5.24057146142753e-05	0.907958330353101
AMP22_0152	Common_Shiner	3.45799281046465e-06	5.03176769930135e-06	1.65234837657103e-05	0.999951502025127	8.56781723917638e-06	1.49175253010536e-05
AMP22_0153	Common_Shiner	3.42737610882611e-05	1.04640933509937e-05	0.00010064365941876	5.08914761565428e-06	7.31145593318606e-06	0.999842218736807
AMP22_0154	Common_Shiner	4.74718396454762e-06	8.35078690151579e-06	0.000104047676553207	5.91572117712718e-06	1.07112111139479e-05	0.999866227865219
AMP22_0155	Rosyface_Shiner	4.8156750077082e-06	1.71508386469195e-05	2.17026213361668e-05	0.999892844061057	9.08354638272357e-06	5.44035981591375e-05
AMP22_0156	Rosyface_Shiner	7.00733176725861e-06	0.000164513277879679	0.00532901638689778	0.994026648064454	2.25792641757659e-05	0.000450235343859959
AMP22_0157	Rosyface_Shiner	0.0202731621979425	1.17853864537122e-05	2.46494251607719e-05	0.979655866861343	9.90343088441035e-06	2.46325884213243e-05
AMP22_0160	Rosyface_Shiner	2.72757191204776e-06	4.97870397887456e-06	1.21798705192673e-05	0.99996037487189	6.43498656317226e-06	1.33048005438992e-05
AMP22_0161	Rosyface_Shiner	6.0546466787955e-06	0.000218401362831509	0.0992704751901329	0.878524597664674	1.19013720429204e-05	0.0219685699292459
AMP22_0164	Rosyface_Shiner	5.5806571468483e-06	6.31473984283858e-06	2.77195406903934e-05	0.999928445696831	8.5768980864952e-06	2.33630736539955e-05
AMP22_0165	Rosyface_Shiner	1.04028158396433e-05	6.18905876695236e-06	1.65188701418781e-05	0.999948845068614	5.45019919615535e-06	1.25948578687787e-05
AMP22_0168	Rosyface_Shiner	7.6126000469779e-06	1.17451379282665e-05	0.208795759047071	0.791036936044693	9.67152193944488e-06	0.000138275991024169
AMP22_0169	Rosyface_Shiner	3.84003739699938e-06	5.5322613891618e-06	1.03293866791744e-05	0.999962975303332	5.80666866440429e-06	1.15172082593396e-05
AMP22_0170	Rosyface_Shiner	4.55996820142918e-06	1.16378646426529e-05	0.00796790099563238	0.986979457477729	2.5994300692676e-05	0.0050104490737731
AMP22_0174	Rosyface_Shiner	4.40592668812255e-06	1.34398641326025e-05	0.248874747301141	0.750926683704058	9.1774519266732e-06	0.000171546061613452
AMP22_0175	Rosyface_Shiner	4.06912999137438e-06	8.003402865084e-06	3.6421348095038e-05	0.999916509866714	1.21772084353428e-05	2.28195655894398e-05
AMP22_0177	Rosyface_Shiner	6.41035974951963e-06	0.0030732688642809	1.71662539390346e-05	0.996872137169043	9.65769730584416e-06	2.13598103037033e-05
AMP22_0178	Rosyface_Shiner	5.3298095320836e-06	0.0025022456086476	3.83189916866584e-05	0.997413457949956	8.5289604657116e-06	3.21189302824082e-05
AMP22_0179	Rosyface_Shiner	2.9376942332298e-06	1.58123064391278e-05	8.27349338964474e-06	0.999941190501054	8.15080226404151e-06	2.36363722429888e-05
AMP22_0181	Rosyface_Shiner	2.74742893733089e-06	9.19283956584336e-06	1.39104334943327e-05	0.999944693605105	6.08652643154994e-06	2.33697561944179e-05
AMP22_0182	Rosyface_Shiner	4.25206234132191e-06	1.88780404506674e-05	1.23285905687592e-05	0.999936924338341	8.16615653725487e-06	1.94518839428788e-05
AMP22_0187	River_Chub	3.92983200673296e-06	6.16710446564787e-05	2.1879358269751e-05	4.79345858407453e-06	0.999891609728336	1.61176297580231e-05
AMP22_0188	River_Chub	4.28756196235779e-06	9.49965010514159e-06	0.483350219537814	4.69145995364692e-06	0.516578271994988	5.30302776936995e-05
AMP22_0189	River_Chub	4.5003583881728e-06	9.55928191210622e-06	1.52579135921312e-05	3.87210147125468e-06	0.999953666726748	1.31441370827948e-05
AMP22_0190	River_Chub	3.60740802043616e-06	8.54385984543861e-06	3.21988167836077e-05	0.0001077205742519	0.999827023307482	2.09070807348454e-05
AMP22_0191	River_Chub	4.22756623895916e-06	7.57603857126161e-06	1.12114318542053e-05	2.9578524524971e-06	0.999964301427205	9.7265453825298e-06
AMP22_0193	River_Chub	4.50849710041889e-06	8.50680729535727e-06	1.67969775971765e-05	5.85971908338425e-06	0.999949956834316	1.43719985737713e-05
AMP22_0194	River_Chub	1.25501274092905e-05	2.0616931468964e-05	0.000196835375741511	0.0011797694478405	0.998518711884816	7.15163078934399e-05
AMP22_0195	River_Chub	7.6185312830927e-06	1.34491940003468e-05	0.00176062989933792	8.52823259791891e-06	0.992075947006543	0.00613382737779496
AMP22_0197	Creek_Chub	1.7863620039588e-05	2.4980911567905e-05	0.99986434340477	1.49096955272756e-05	8.06907730953579e-06	6.98341285892972e-05
AMP22_0198	Common_Shiner	4.19178051548285e-06	9.55769576794101e-06	6.90402207178447e-05	6.78179351732114e-06	0.00135472090779435	0.998555707812309
AMP22_0201	Common_Shiner	0.016908288758869	1.01584039339726e-05	0.112126804274817	0.00278701933699826	2.62943641339534e-05	0.868141435007254
AMP22_0203	Common_Shiner	3.05559043779974e-06	9.55489430224403e-06	0.270051185483734	6.79548989825244e-06	9.14259606762946e-06	0.729920265972614
AMP22_0204	Common_Shiner	7.62189476748628e-06	1.19483045803363e-05	5.46190047181335e-05	6.80719483220757e-06	2.2195998062984e-05	0.999896808644136
AMP22_0205	Common_Shiner	5.480025660202e-06	9.71273464063845e-06	0.000132284159530099	0.000291575099200887	1.37804073646217e-05	0.999547167996566
AMP22_0206	Common_Shiner	3.92831084864672e-06	8.23414010886425e-06	0.000129844210017169	6.57702721922153e-06	1.22550911554221e-05	0.999839161952337
AMP22_0208	Common_Shiner	2.67057428804048e-05	0.016006509127561	0.12453600394167	6.59420799405134e-05	0.000219978627483043	0.859144860466321
AMP22_0210	Common_Shiner	4.51376031797565e-06	1.02209212995547e-05	0.000124278692626736	5.98258654836985e-06	1.35673342981243e-05	0.999841436684132
AMP22_0211	Common_Shiner	2.07038083837626e-05	3.4824294453732e-05	0.0351403655839585	0.0154889932627169	5.77252030285994e-05	0.949257388055325
AMP22_0212	Common_Shiner	0.000144584219857528	7.28324647323968e-06	0.000976606170793835	1.3869226941743e-05	0.000131637664345984	0.998726019561291
AMP22_0214	Common_Shiner	0.00041155673326309	9.3943260991372e-06	0.000816357506742182	4.99599792087249e-06	1.03907701351652e-05	0.998747304836909
AMP22_0215	Common_Shiner	3.27915069698649e-05	1.1281128666145e-05	0.000163511059969537	4.93635337845691e-06	9.2182220084177e-06	0.999778262754281
AMP22_0217	Common_Shiner	4.81260744609648e-06	6.46424176534206e-06	3.56214864468825e-05	5.59756490178916e-06	1.09703452381762e-05	0.999936534206073
AMP22_0218	Common_Shiner	3.84895310760565e-06	1.19707509595778e-05	3.2880003542705e-05	0.999913407007853	8.97882236151384e-06	2.89149037708394e-05
AMP22_0219	Common_Shiner	3.35487093650391e-06	7.07956694605751e-06	8.48658886234625e-05	5.30735588700376e-06	6.05821252651235e-06	0.999893334786097
AMP22_0220	Common_Shiner	6.61760872613934e-06	1.62743308823376e-05	0.000467652790844513	7.20015467271959e-06	0.000273627144009053	0.999228628138701
AMP22_0221	Common_Shiner	5.27231666840597e-06	7.74014736814699e-06	4.26731803500792e-05	0.535546488642693	1.14708929297791e-05	0.464386354645093
AMP22_0222	Common_Shiner	5.2869472335805e-06	1.02328217934435e-05	4.3124878778405e-05	4.34335284567848e-06	1.24004829919926e-05	0.999924612184366
AMP22_0225	Common_Shiner	4.5128743572948e-06	1.02340809874092e-05	2.10461576101939e-05	2.11725701933034e-05	7.97130661418093e-06	0.999935064037641
AMP22_0226	Common_Shiner	4.14738115996425e-06	8.36304951859452e-06	0.230137746830781	6.6500312814616e-06	9.54991141720529e-06	0.769833542327086
AMP22_0227	Common_Shiner	6.83008744797052e-06	1.19710159629496e-05	0.000170176998664962	3.06782023548353e-05	1.21243718355464e-05	0.999768219908079
AMP22_0228	River_Chub	3.71127531156049e-06	7.69514880409045e-06	1.23371585823223e-05	4.70474244691373e-06	0.999942233343919	2.93193502382098e-05
AMP22_0231	River_Chub	6.14093852304783e-06	1.78124191166157e-05	0.000313323531685396	7.02773076305358e-06	0.999044858455658	0.000610837268443994
AMP22_0232	River_Chub	0.00182394177694471	0.00118183973438983	0.418215317408244	0.000251334468753112	0.577114567259947	0.00141299879215808
AMP22_0234	River_Chub	6.57048986662884e-06	8.30947189918009e-06	0.0316876026274015	3.49452813217937e-05	0.968184973239899	7.75986807149675e-05
AMP22_0235	River_Chub	5.0766505742089e-06	1.09857852008857e-05	0.984271413385868	0.0151065922500566	7.52839980363587e-05	0.000530647516210114
AMP22_0236	River_Chub	1.54545871101311e-05	1.70716606120187e-05	0.0329996343155702	0.00654040869049883	0.960385722200076	4.17085399360118e-05
AMP22_0237	River_Chub	6.86433206005668e-06	1.8435153672074e-05	0.00132360617988278	1.65164838556976e-05	0.998576001167297	5.8577238578586e-05
AMP22_0241	Creek_Chub	8.37386100259999e-05	1.20496132772424e-05	0.992394176483154	0.00414825477549069	0.00302003201943143	0.000341748672353035
AMP22_0242	River_Chub	3.85183220465745e-06	1.11714635657527e-05	0.502949502080679	5.71914127315265e-06	0.497009055544933	2.06999255775723e-05
AMP22_0243	Common_Shiner	5.74792987503425e-06	1.35535015070294e-05	0.017871479566935	7.37187282538824e-06	0.00884951747092418	0.973252329607805
AMP22_0244	Common_Shiner	4.52477365944096e-06	9.23338071674725e-06	0.0402030077203332	5.4280837868244e-06	6.59162190092251e-06	0.959771214564641
AMP22_0245	Common_Shiner	4.67873984145482e-06	1.04096767984584e-05	0.175625303300718	0.0167352678334961	8.52628617609848e-06	0.807615814089775
AMP22_0249	Common_Shiner	4.4056515799764e-06	7.54552647018112e-06	0.000980578568343969	8.34384699585383e-06	1.25062064635427e-05	0.998986620763938
AMP22_0251	Common_Shiner	3.93022304003761e-05	3.71372526763938e-05	0.249249778665602	0.000366474256386782	3.45691703623197e-05	0.750272737940152
AMP22_0253	Common_Shiner	0.00706883378063018	1.27102173003517e-05	0.00076145033998141	1.3339050273693e-05	1.29234568113622e-05	0.992130743404229
AMP22_0254	Common_Shiner	1.75910391841301e-05	0.00747560564764232	0.0108847140790825	0.00301796614745453	1.30986230237414e-05	0.978591024756432
AMP22_0255	Common_Shiner	4.17780627107675e-06	0.00982556809376304	4.00191589787232e-05	1.96587760330503e-05	9.8378504084119e-06	0.990100738763809
AMP22_0258	Common_Shiner	4.74353916841534e-06	6.93418545478766e-06	0.583566639731328	5.42248725673919e-06	8.39047198669435e-06	0.416407869656881
AMP22_0259	Common_Shiner	5.04611299639844e-06	7.59389084088204e-06	4.85841814476534e-05	0.00235132784283875	1.09729751886559e-05	0.997576474924882
AMP22_0260	Common_Shiner	1.50702551829056e-05	1.91299108189235e-05	0.0425288223445099	0.0427597454960148	9.43994794326775e-06	0.914667792280515
AMP22_0261	Common_Shiner	5.16903750204455e-06	9.80683143003874e-06	0.0476975460686566	0.0018441800728803	0.000147918212564472	0.95029537987709
AMP22_0264	Common_Shiner	5.53345063519e-06	2.88246537745146e-05	0.00140877137119706	1.3412907842349e-05	1.88112258066021e-05	0.998524647156398
AMP22_0265	Common_Shiner	4.26320183154359e-06	8.13163941756962e-06	0.000103692294650972	1.28864479826736e-05	8.31898295810375e-06	0.99986270793279
AMP22_0266	Common_Shiner	3.87648809560962e-06	1.60111919928171e-05	0.000289837287485732	9.43434773653768e-06	1.04593679678209e-05	0.999670382002989
AMP22_0268	Common_Shiner	4.15439216778887e-06	1.22640818816018e-05	6.35907716146727e-05	7.45300246950478e-06	0.699026823282242	0.300885714739561
AMP22_0269	Common_Shiner	5.54902882346295e-06	2.88651666590296e-05	0.0854890353331963	0.00361022984619679	1.14076810308127e-05	0.910854912837346
AMP22_0271	Common_Shiner	5.69531818858598e-06	1.09455633488986e-05	0.000175992415123723	0.00329662601995127	3.79498220590538e-05	0.996472791155179
AMP22_0273	Hornyhead_Chub	5.34784091664333e-06	0.50394717074434	0.495916199713945	4.56529810757796e-05	1.08334312807734e-05	7.47955754068171e-05
AMP22_0274	Creek_Chub	4.62153241955719e-06	1.50254697171164e-05	0.996976813117663	0.00293524110003879	1.11777843102342e-05	5.71206995878852e-05
AMP22_0275	Creek_Chub	4.50525025634758e-06	1.06196032301608e-05	0.999932089547316	7.39499962236105e-06	8.26492905378317e-06	3.71265145153201e-05
AMP22_0276	Creek_Chub	4.05897432320791e-06	8.16450680588889e-06	0.972611418783665	5.42552627942736e-06	8.80541921884903e-06	0.0273621267291407
AMP22_0280	Hornyhead_Chub	6.41658780780809e-06	1.5721039044095e-05	0.000147574121859908	0.988364573717117	0.011309132534933	0.000156581915461726
AMP22_0281	Hornyhead_Chub	6.75025720663691e-06	0.951179546713829	0.000175467483942325	0.0371344126748542	1.93985000413053e-05	0.0114844242237741
AMP22_0282	Hornyhead_Chub	1.84395998919827e-05	0.99946635868152	0.000193131754429216	1.03334382119298e-05	0.000180325257705559	0.000131412265932107
AMP22_0283	Hornyhead_Chub	6.00339586061236e-06	0.983172080477079	0.000192307628756102	4.9757841245685e-06	0.0106581900193511	0.00596644290881682
AMP22_0284	Hornyhead_Chub	4.23293093022631e-06	0.99992823022604	1.96784105235688e-05	6.54466561620778e-06	2.57502075013806e-05	1.55641442872502e-05
AMP22_0285	Hornyhead_Chub	9.13066181956514e-06	0.995348937471708	0.00056325600198166	1.66364578469533e-05	0.00259385541456832	0.00146818382423029
AMP22_0287	Hornyhead_Chub	0.000121157786552089	0.994221571524938	0.00162264629941761	6.49658957371845e-06	1.04032882625965e-05	0.0040177244656732
AMP22_0289	Western_Blacknose_Dace	4.83827272240662e-06	8.11198468916807e-06	0.999931488037109	7.3257035176374e-06	9.01261880137639e-06	3.92240973603217e-05
AMP22_0290	Western_Blacknose_Dace	4.48328923977278e-06	8.02773343578007e-05	0.999865593870481	6.75627702655277e-06	8.22335222521024e-06	3.46670570406074e-05
AMP22_0291	Western_Blacknose_Dace	5.50777764427641e-06	6.85204289814592e-06	0.999959249178568	4.72817902479094e-06	8.13836064634698e-06	1.55250564270843e-05
AMP22_0292	Western_Blacknose_Dace	4.46730368316501e-06	9.65648651365764e-06	0.999951489826043	4.59207924004201e-06	7.86040648443586e-06	2.19341307590135e-05
AMP22_0293	Central_Stoneroller	0.987687220553557	0.0122119343689022	5.76111575263339e-05	7.37787068514776e-06	1.3491854481853e-05	2.23634122176011e-05
AMP22_0294	Central_Stoneroller	0.999949654062589	8.99856770294031e-06	1.62001900523304e-05	4.57822602882955e-06	7.15363241852953e-06	1.34159712046628e-05
AMP22_0295	Central_Stoneroller	0.999964189092318	8.04609885787535e-06	7.01688000700588e-06	5.13674344868016e-06	5.53987191081236e-06	1.00721636245033e-05
AMP22_0297	Central_Stoneroller	0.5285099350214	8.97118381040752e-06	0.471405425995588	6.95437952606055e-06	2.24440343809675e-05	4.62692793114811e-05
AMP22_0298	Western_Blacknose_Dace	4.14895263355249e-06	6.5905094882666e-06	0.999942164202531	4.51956619879551e-06	7.23696832986889e-06	3.5340363442232e-05
AMP22_0302	Western_Blacknose_Dace	0.000486578604903505	8.38275158053297e-06	0.999463971455892	5.48472466660631e-06	8.17517290223575e-06	2.74076614454599e-05
AMP22_0303	Central_Stoneroller	0.857812481999397	1.58799481178437e-05	0.141990538823108	1.64494518411457e-05	1.27713008861129e-05	0.000151878344381329
AMP22_0304	Western_Blacknose_Dace	0.00181571833400327	9.22821454425037e-06	0.998103811403116	3.57986724659874e-05	1.062547993242e-05	2.48180734715582e-05
AMP22_0305	Western_Blacknose_Dace	1.20448513050402e-05	8.97592298033054e-06	0.999921435117722	5.29854816219564e-06	1.05400239480188e-05	4.17067670120722e-05
AMP22_0306	Western_Blacknose_Dace	4.01464586942332e-06	7.26914863248695e-06	0.999951778550943	6.32940085364351e-06	5.9068648235333e-06	2.47020045138601e-05
AMP22_0307	Central_Stoneroller	1.1209694662466e-05	8.58182525744261e-06	0.999934697826703	5.34381753367733e-06	8.16782482493955e-06	3.19998383328236e-05
AMP22_0309	Western_Blacknose_Dace	4.23365747064199e-06	1.96605222490299e-05	0.999941389739513	5.68467761088e-06	9.21198125486048e-06	1.98201125883207e-05
AMP22_0310	Central_Stoneroller	0.999958366572857	7.85838650480711e-06	1.04197123576314e-05	7.03482142050661e-06	4.7144826428604e-06	1.16067123186175e-05
AMP22_0311	Western_Blacknose_Dace	3.48181857254172e-06	1.02650953356314e-05	0.999956176817417	3.9076338248056e-06	6.18213686391201e-06	1.99873573172565e-05
AMP22_0313	Central_Stoneroller	0.589199638168017	1.45628530787683e-05	1.74050604274616e-05	4.01342158758636e-06	0.410750704665979	1.3676072114138e-05
AMP22_0315	Western_Blacknose_Dace	3.73794746390535e-06	7.79431784210123e-06	0.999877991139889	4.7878224554305e-06	8.56043199375677e-05	2.0085732045216e-05
AMP22_0317	Western_Blacknose_Dace	0.000341242901914617	5.80864013650221e-06	0.999615469197432	4.75862593614786e-06	8.99701357420506e-06	2.37239782218889e-05
AMP22_0318	Common_Shiner	4.81450117003425e-06	8.43363491781327e-06	9.44127660540802e-05	6.07408167183506e-06	1.04873206771142e-05	0.99987577833732
AMP22_0319	Common_Shiner	4.65208324297686e-06	8.56475152513678e-06	0.000230008557092484	6.15783244690602e-06	6.56766692150055e-06	0.999744049966335
AMP22_0321	Common_Shiner	3.99307086651346e-06	9.935503779894e-06	5.47958683825969e-05	5.96315001493544e-06	1.03209167324207e-05	0.999914992372195
AMP22_0322	Common_Shiner	1.53342748585828e-05	1.90721828940507e-05	0.991764559884866	0.000166074998133545	2.44606355312735e-05	0.00801049814643951
AMP22_0324	Common_Shiner	6.81506828465751e-06	8.96850246982482e-06	0.000296951209338417	5.22873513882831e-06	8.28683768580884e-06	0.999673750698566
AMP22_0325	Common_Shiner	3.90607321963121e-06	8.64116811147229e-06	9.30797995512424e-05	5.93744367867627e-06	1.13612962955628e-05	0.999877074301243
AMP22_0326	Common_Shiner	4.62732474752184e-06	8.52837116323759e-06	0.000115984123410048	5.65239683894743e-06	3.43264371631803e-05	0.999830882191658
AMP22_0329	Common_Shiner	2.08708082667938e-05	1.02789970269073e-05	2.09897299552133e-05	5.72341984995799e-06	8.96645968614303e-06	0.999933171073596
AMP22_0331	Common_Shiner	1.30071596090547e-05	4.89365383085733e-06	7.86256031343414e-05	1.17161064907427e-05	1.02215117365912e-05	0.999881536662579
AMP22_0332	Common_Shiner	4.77304941700375e-06	9.21750501205277e-06	0.000253105176832333	6.07675381617394e-06	1.42029291549125e-05	0.999712625463804
AMP22_0333	Common_Shiner	5.0943879841036e-06	6.98048953858847e-06	4.38321752380903e-05	7.50280512388044e-06	7.57517739356009e-06	0.999929015497367
AMP22_0335	Common_Shiner	1.26943340600436e-05	9.59090661676775e-06	0.0148101608228579	6.11572768599841e-06	8.62122384222715e-06	0.985152816812197
AMP22_0337	Common_Shiner	2.68078095312033e-06	1.02561457975743e-05	0.00101065890647097	5.0372681147487e-06	8.65499222643464e-06	0.998962712645531
AMP22_0340	Common_Shiner	0.00152528259911718	1.45166188319783e-05	0.000117604660061678	7.19703524508599e-06	1.04647233974051e-05	0.998324934442838
AMP22_0341	Common_Shiner	4.88549621802836e-06	1.18260754199033e-05	8.5007151017667e-05	5.28817025789472e-06	9.79875149305372e-06	0.99988319559892
AMP22_0342	Common_Shiner	5.57912742332395e-06	8.72381268737992e-06	3.97802579129893e-05	5.80526369885148e-06	9.65291536195917e-06	0.999930459638437
AMP22_0343	Common_Shiner	4.60766754659446e-06	1.23467666232013e-05	9.84079499429303e-05	4.82151357056201e-06	7.11236708498029e-06	0.999872704585393
AMP22_0344	Common_Shiner	6.77659332574699e-06	8.83900811266485e-06	0.000599897432681091	8.93202348561675e-06	1.03579185875711e-05	0.999365197738012
AMP22_0347	Common_Shiner	4.42299885116856e-06	8.57399397261573e-06	6.71216116380989e-05	0.00134299875213875	7.91918732412542e-06	0.998568963487943
AMP22_0350	Hornyhead_Chub	3.97675908087914e-06	0.999965538601081	1.15867459751437e-05	3.86135176445825e-06	7.01350338261972e-06	8.02348401436617e-06
AMP22_0351	Hornyhead_Chub	0.00310001925862161	0.996849532604217	1.62307219821776e-05	4.98503989655527e-06	1.25678387099395e-05	1.66642178790944e-05
AMP22_0352	Hornyhead_Chub	5.20978888594655e-06	0.990461113770803	0.000215511745927382	6.71588281643038e-06	1.61403108577888e-05	0.0092953082259434
AMP22_0353	Hornyhead_Chub	2.72407718308042e-06	0.999965556065242	1.01623820650691e-05	4.38197863610079e-06	5.13019896161329e-06	1.20462222955838e-05
AMP22_0355	Hornyhead_Chub	3.04246177565663e-06	0.999969173212846	9.7537475315838e-06	4.66938578484771e-06	4.95572610495733e-06	8.40623701878066e-06
AMP22_0356	Hornyhead_Chub	4.98706406672328e-06	0.999836943030357	7.90197519613927e-05	8.94999926846806e-06	2.20956444836261e-05	4.80050931944164e-05
AMP22_0357	Creek_Chub	4.37306539706033e-06	2.98997428277531e-05	0.99988845338424	5.69313157979253e-06	6.83843857229337e-06	6.47428598854202e-05
AMP22_0358	Hornyhead_Chub	3.37941593190417e-06	0.999957663416863	1.46710848068983e-05	4.65981606386132e-06	8.05232698621237e-06	1.15748647061519e-05
AMP22_0359	Hornyhead_Chub	5.01711872468428e-06	0.52406388031443	7.97109678646896e-05	5.40985972032414e-06	8.90743480873532e-06	0.475837074140708
AMP22_0360	Hornyhead_Chub	3.19345223931705e-06	0.999970358828704	7.15163070121478e-06	4.53107013492093e-06	6.66423988838738e-06	8.10193756502729e-06
AMP22_0361	Creek_Chub	4.08080590085713e-06	1.036840405841e-05	0.601346930265427	5.04939567354575e-06	0.398608621368806	2.49493304275166e-05
AMP22_0363	Creek_Chub	4.07645242657126e-06	0.00186848318601375	0.997827727893988	4.95053285922216e-06	1.08469552503328e-05	0.000283915146410597
AMP22_0366	Hornyhead_Chub	3.94406885493105e-06	8.94402313823443e-06	2.59365439320343e-05	0.00839725135088277	7.96300112795711e-06	0.99155596113205
AMP22_0367	Hornyhead_Chub	7.89727843361649e-06	0.937697392662366	0.00011251248889974	0.000253942703449296	1.57867515261243e-05	0.0619124681862692
AMP22_0368	Hornyhead_Chub	7.56944817021281e-06	0.983180270433426	4.04018376440941e-05	0.0014687898556779	9.09570930440214e-06	0.0152938726946401
AMP22_0369	Hornyhead_Chub	1.40015853507374e-05	0.997040184696515	0.00102214806284543	0.00179084384524606	1.64297930954829e-05	0.000116392189214278
AMP22_0370	Common_Shiner	1.456426530283e-05	2.48386167083486e-05	0.000476618827644273	0.14689908400178	1.52160864946589e-05	0.852569677948952
AMP22_0372	Common_Shiner	4.10658841274869e-06	7.5252745431157e-06	6.01366625840025e-05	6.64951764376606e-06	6.16348482201587e-06	0.999915419479211
AMP22_0373	Striped_Shiner	5.79533459506843e-06	8.13462841539601e-06	0.0300051911603659	0.00126575053987242	1.14469094377597e-05	0.968703681329886
AMP22_0374	Striped_Shiner	1.10175589545246e-05	1.11887801576045e-05	5.50792480596853e-05	6.73372787504088e-06	7.03364423395402e-06	0.999908947805564
AMP22_0377	Striped_Shiner	3.68302621797015e-06	1.00649710567757e-05	3.29871591744707e-05	7.55732213139705e-06	2.0652816166542e-05	0.999925055742264
AMP22_0378	Striped_Shiner	3.97881814473029e-06	7.70257247130116e-06	1.6932685364276e-05	5.15264022185372e-06	2.56197445949742e-05	0.999940614263217
AMP22_0379	Striped_Shiner	4.56290601412177e-06	1.98460381290717e-05	2.5943715772967e-05	4.77931814433587e-06	9.39359466017177e-06	0.999935475567977
AMP22_0380	Striped_Shiner	5.8226667138136e-05	0.0871817261204123	3.66166113010127e-05	0.00363287029206792	8.73051615723777e-06	0.909081830322742
AMP22_0381	Striped_Shiner	3.23449233012173e-05	0.000340815570319618	0.830148903548718	3.3139631411911e-05	9.62332628256216e-05	0.169348562836647
AMP22_0383	Creek_Chub	4.12864832909519e-06	1.21429091866135e-05	0.999870959877968	5.94934373693142e-06	2.62753549380266e-05	8.05442804728067e-05
AMP22_0384	Creek_Chub	0.000766245245580006	6.63195635107952e-06	0.998946698447069	6.63201369506317e-06	3.43069080755265e-05	0.000239485850653614
AMP22_0385	Creek_Chub	3.96647253622585e-06	9.43807390815006e-06	0.499853221158187	0.00162318881771231	0.498460082093875	5.01041092649492e-05
AMP22_0387	Creek_Chub	4.9712221235761e-06	9.10758838210382e-06	0.905247328817844	0.0422666522866736	6.60147848749415e-06	0.0524653389705345
AMP22_0388	Creek_Chub	3.954750562386e-06	1.02830533213682e-05	0.993652855555216	7.31605195881321e-06	9.53555292476896e-06	0.00631605546808636
AMP22_0389	Creek_Chub	1.14573573303411e-05	0.000517288472121868	0.971532689750195	0.01040800316073	0.000105583783365696	0.01742497725453
AMP22_0390	Creek_Chub	4.07169851408965e-06	8.42376646676013e-06	0.999897210677465	6.8940579842095e-06	7.85507059245169e-06	7.55452942436218e-05
AMP22_0391	Creek_Chub	4.39740240768419e-06	1.09162978056376e-05	0.999945623397827	5.006107940874e-06	1.05011125903528e-05	2.35563974353041e-05
AMP22_0392	Creek_Chub	3.84421671800966e-06	8.64920688089316e-06	0.494806612094243	5.02812304425918e-06	7.8016418717418e-06	0.505168065359195
AMP22_0393	Creek_Chub	0.000604508144141021	7.89832296108526e-06	0.999320965250333	6.10113403900849e-06	1.1912910770375e-05	4.86139126549814e-05
AMP22_0394	Creek_Chub	4.35385183242377e-06	8.67031692878235e-06	0.999289679427942	5.98281796089437e-06	9.98957674555002e-06	0.000681325198126025
AMP22_0395	Creek_Chub	8.0321397336908e-06	6.63318985414466e-06	0.998260047197342	6.47672207722316e-06	9.43037011491284e-06	0.00170938094932845
AMP22_0396	Creek_Chub	4.40683168987535e-05	0.00621743668695368	0.452834971298774	0.540754718939463	1.21110579729892e-05	0.000136693875856086
AMP22_0397	Creek_Chub	4.30815082563586e-06	8.96547171847694e-06	0.898255381246408	1.62127536402114e-05	1.04372227411076e-05	0.101704695654412
AMP22_0398	Creek_Chub	4.52615422553907e-06	7.17518962465422e-06	0.962257936676343	4.16661609325492e-06	9.3685529308085e-06	0.0377168270343294
AMP22_0400	Creek_Chub	6.16980417846435e-06	0.00271977421444566	0.997068452854951	9.73188339200777e-06	1.39334105973023e-05	0.000181937160097028
AMP22_0401	Creek_Chub	4.13197704602924e-06	0.00341990003653336	0.389121921002865	5.81157224895163e-06	1.14729869867448e-05	0.607436762809753
AMP22_0403	Creek_Chub	3.94412214351313e-06	1.04059739434465e-05	0.999718678216139	6.44973580608582e-06	6.71195806092979e-06	0.000253810459936277
AMP22_0407	Creek_Chub	5.92126695789263e-06	1.03788207886281e-05	0.999939847429593	5.37066719042388e-06	8.28651080785869e-06	3.01962004044069e-05
AMP22_0408	Longnose_Dace	0.000498080021756497	1.44701276408701e-05	0.999252731641134	0.00020737162527912	7.49206193809899e-06	1.98548963721138e-05
AMP22_0410	Longnose_Dace	8.51040767914343e-05	9.7045518145217e-06	0.999866187771161	5.78405060405131e-06	1.69812459491615e-05	1.62386574913552e-05
AMP22_0411	Longnose_Dace	6.00322635553039e-06	7.82552736112342e-06	0.730099417408307	1.53169100690111e-05	7.20851161050791e-06	0.269864228253563
AMP22_0412	Creek_Chub	4.17764871548906e-06	1.85355182070738e-05	0.0346744892392307	6.45748649185763e-06	7.08925625212209e-06	0.965289251565933
AMP22_0415	Longnose_Dace	5.98151158616192e-06	6.50300496723701e-06	0.999916221698125	3.81366764287062e-05	1.32133629594699e-05	1.99440768536647e-05
AMP22_0416	Western_Blacknose_Dace	4.08129915360952e-06	9.51369207124635e-06	0.374136560291052	5.97231273901516e-06	1.17484217736373e-05	0.62583212441206
AMP22_0418	Creek_Chub	0.000262450429978169	1.45265193172627e-05	0.563855894724528	0.00714409489083725	0.428337873717149	0.000385160032555372
AMP22_0420	Creek_Chub	4.78799609764957e-06	0.000157576190086605	0.997416388392448	1.74091812056463e-05	9.41017813053796e-06	0.00239442855351606
AMP22_0421	Western_Blacknose_Dace	7.13696873016457e-05	0.000145129545420892	0.96479860719045	0.0346838111995409	9.31629394214965e-05	0.000207919184470576
AMP22_0422	Creek_Chub	5.34313321724403e-06	0.00159221060999425	0.997098407785098	0.00117662466218527	8.06894787111312e-06	0.000119344742662795
AMP22_0423	Creek_Chub	1.81193501590738e-05	7.48415917727494e-06	0.999930981099606	4.49750527735383e-06	9.80805826589505e-06	2.91103079487281e-05
AMP22_0427	Creek_Chub	2.33789829245356e-05	1.69699239884334e-05	0.967720769067605	0.0107634753851841	1.12906535482922e-05	0.0214641162933937
AMP22_0429	Western_Blacknose_Dace	5.67557270422303e-06	9.10793059101031e-06	0.913522524058819	7.75558385407639e-06	5.6020151064387e-06	0.0864493351106842
AMP22_0431	Longnose_Dace	5.68183889682837e-06	6.67252608399456e-05	0.999900560120742	5.7733402671481e-06	8.21967011179429e-06	1.30404837027302e-05
AMP22_0432	Longnose_Dace	9.96117903445635e-06	8.72535409462609e-06	0.999879614651203	6.84857654655549e-05	1.43851483262643e-05	1.88282173435881e-05
AMP22_0435	Longnose_Dace	0.188311588153243	8.55503831549677e-05	0.781662033478419	7.13168572324877e-05	0.00050023026985998	0.0293692806704591
AMP22_0436	Creek_Chub	4.80347735745392e-06	0.524178526262442	0.475750922203064	6.25191570625998e-06	1.00681151741729e-05	4.94284681644179e-05
AMP22_0438	Western_Blacknose_Dace	5.8778148789055e-06	3.48384645184802e-05	0.979042921245098	0.000153140717210655	1.31343492505862e-05	0.0207500873884807
AMP22_0439	Longnose_Dace	6.52826039001441e-06	8.87152879151374e-06	0.999933723390102	7.01389462781186e-06	2.74669278838608e-05	1.6396538667149e-05
AMP22_0440	Creek_Chub	0.89318075265487	0.000515070589062698	0.106250103801489	5.16107982080652e-06	1.19811047792968e-05	3.69311303726132e-05
