Mandeville_ID	Common_Name	1	2	3	4	5	6	7	8	9	10	11	12	13	14	15
AMP19_0002	Western_Blacknose_Dace	0.0267094541009283	0.0282578550965233	1.65669767599258e-05	0.354613035534819	0.0113192442767322	7.46877501088995e-06	0.518809616064032	6.80857309319378e-05	7.34419372180324e-05	0.0597627996100109	5.11644718525413e-05	4.73014670414977e-05	6.16420542539967e-05	0.000125332351128922	7.69915360585037e-05
AMP19_0003	Western_Blacknose_Dace	0.0133597046605804	0.0710578594242832	0.0891916841305792	0.279275777156154	1.57635694525829e-05	9.75455020399804e-06	0.526270483369629	0.000447711767673199	0.00175989433654392	0.00243066407329275	9.20041222466242e-05	0.00011470234935079	5.26082046361017e-05	0.0158619027674819	5.94855731371289e-05
AMP19_0004	Western_Blacknose_Dace	0.00023945095558942	0.371906964190304	0.00282586386134789	0.00265992893503988	8.27321791707323e-06	5.96498637772317e-06	0.00336890266575099	7.91375449604021e-05	6.68085769381992e-05	0.555574676255385	5.89038043843635e-05	0.000129699773846012	1.47895914356192e-05	0.0630190351071457	4.16004445124717e-05
AMP19_0005	Western_Blacknose_Dace	9.97086417050772e-06	0.000387414124336046	6.36083636094984e-06	0.000113043801202398	1.38343884008084e-05	4.07997943732827e-06	0.0453053999765155	1.58309103960542e-05	1.70836259348692e-05	0.000379117374525452	1.16163296464994e-05	1.39844240980193e-05	0.937399596581856	0.0162984552619358	2.42109664003572e-05
AMP19_0007	Western_Blacknose_Dace	7.80691042433024e-05	3.55998874497482e-05	3.5395095828118e-06	1.91358195767747e-05	6.5883263632199e-06	2.79625818403446e-06	0.969687435805798	1.1040741436924e-05	1.01266820581791e-05	3.08846488677074e-05	9.90662324584917e-06	1.33384784790716e-05	8.30028429674843e-06	0.0300663066195945	1.69312977562674e-05
AMP19_0008	Western_Blacknose_Dace	8.90662325531031e-06	0.00686556159889992	6.00636256311302e-06	3.8579053574786e-05	3.49636537831759e-05	2.8587860820845e-06	0.910809041380882	1.58719790680944e-05	0.0023886923602936	0.0124576240958109	0.00250651009911107	0.0024099434427643	1.33825473394124e-05	0.0624217281471938	2.032972944639e-05
AMP19_0009	Western_Blacknose_Dace	8.17691786429642e-06	0.522228410338362	3.16955458255134e-06	2.74705497360726e-05	4.86060457383249e-06	2.99872043796068e-06	6.939068296364e-05	4.91648719240153e-06	4.76553967403403e-06	0.477606502493223	4.70427817977463e-06	4.33182682918298e-06	7.6309344639558e-06	6.85680833218503e-06	1.58141564041737e-05
AMP22_0004	Creek_Chub	3.81470467312714e-05	0.00162304478924804	4.61758358114562e-06	0.155481123837332	7.06228816686102e-06	9.2081407741404e-06	0.838915023843447	2.27732246554322e-05	2.06588297823311e-05	0.00375818395840668	2.05589486974212e-05	2.42096275576885e-05	1.34842250763121e-05	7.60304117211209e-06	5.43003259175995e-05
AMP22_0005	Western_Blacknose_Dace	1.44511026023211e-05	0.633497200341227	0.00406156181671152	0.0327786379355627	6.16701095041578e-05	0.00555713488365291	0.000167960691504008	3.05992144123208e-05	4.09444571158423e-05	0.32361734121573	4.44388548369965e-05	3.81736374424021e-05	1.35383541504442e-05	9.26631227898595e-06	6.70810435933499e-05
AMP22_0007	Western_Blacknose_Dace	1.18074545421067e-05	0.402194299548864	3.31980762815651e-06	0.0238189663986365	8.27249680328104e-06	2.79863213052022e-06	0.000493927135644938	1.12212736273782e-05	1.19565360955012e-05	0.573386435245474	1.2497672690684e-05	1.01580568254879e-05	1.0240311618149e-05	7.17633356783498e-06	1.6923043006143e-05
AMP22_0011	Western_Blacknose_Dace	9.50080516437366e-06	0.40588048543036	4.0782815312609e-06	8.96963861673887e-05	6.35244424906605e-06	0.00202936078377206	0.000201951808348315	8.90010715474466e-06	7.6312310208039e-06	0.591705590619395	9.95378731776849e-06	1.04812695117368e-05	1.05255504763416e-05	6.8619220007656e-06	1.86295405723582e-05
AMP22_0013	Western_Blacknose_Dace	2.0864160401494e-05	0.389392022710294	6.12027082864256e-06	7.11083954890191e-05	1.19205863157701e-05	8.19765430671187e-06	0.00373251984654583	2.25147611935436e-05	2.47976439274057e-05	0.606577182551225	2.89964987928912e-05	2.25037341098924e-05	2.26391651152094e-05	1.70646646355863e-05	4.15474491901032e-05
AMP22_0014	Western_Blacknose_Dace	1.01213774889698e-05	0.411360454541941	3.47563476309566e-06	5.83948622157341e-05	6.17762501247328e-06	2.84234714749562e-06	7.22184964820301e-05	5.72574354018199e-06	5.23276030460796e-06	0.588435050273935	5.49078331919044e-06	5.38369839370282e-06	9.24744646481706e-06	4.82782888433992e-06	1.53569040725479e-05
AMP22_0015	Western_Blacknose_Dace	2.08850335456067e-05	0.41098149005572	3.55239529718741e-06	0.000121146255260985	6.0408518399308e-06	2.10400949931743e-05	0.000101596411384308	1.53703532150676e-05	1.49876980242483e-05	0.588640736458202	1.49160944923294e-05	1.62409040721295e-05	1.72928315361727e-05	5.42034483355021e-06	1.92844768542964e-05
AMP22_0017	Western_Blacknose_Dace	0.00105596824568309	0.325108061569432	6.81003406168137e-05	0.118635124737397	1.87308615101519e-05	9.23326728870502e-06	0.00335084728198177	0.000457265944093554	0.000185790756678907	0.447108032863587	0.000228873684392764	0.000398477155953115	2.27154384496575e-05	0.102850981608033	0.000501796810443198
AMP22_0022	Creek_Chub	1.4806947950347e-05	0.000300388556581689	6.87681741972097e-06	0.0110680445137247	6.93976076745243e-05	0.0452634007483721	0.942644024839004	0.000109125798494684	6.30065757385803e-05	0.000218346246374029	4.67438344539786e-05	8.12016644082283e-05	8.95088250698484e-06	1.08139157161389e-05	9.48712164487649e-05
AMP22_0023	Creek_Chub	1.58099262502681e-05	0.00558768827805568	3.65081208948224e-05	0.0322164109231477	0.00789501322796665	4.86507276670672e-06	0.910692246854305	4.86775901474699e-05	7.01654034941761e-05	0.0117873479968445	6.25379286494538e-05	3.72576501454241e-05	1.78605407989153e-05	0.0314984546940153	2.9155816274793e-05
AMP22_0024	Creek_Chub	1.062212202081e-05	0.299753381818533	5.90995508584909e-06	0.00241018628317547	0.000692004270578877	1.29941071670003e-05	0.232123961046338	6.23199431657491e-05	7.85087659757763e-05	0.45512950326999	5.47734375199575e-05	6.8195243616991e-05	0.00956169973253661	1.34971101092458e-05	2.2443181840097e-05
AMP22_0028	Creek_Chub	1.44217156196892e-05	0.000165549633353933	1.61883356323484e-05	9.54284423570904e-05	6.51707634463945e-06	3.29727326389371e-06	0.453068245410919	1.33643782234274e-05	1.19860135342192e-05	0.000232776404849309	1.31455268745671e-05	1.3373942901551e-05	1.07577960284061e-05	5.86407805183143e-06	0.546329083800316
AMP22_0029	Creek_Chub	6.19118215214105e-05	8.93130175660065e-05	0.0127978722118617	0.38374602154394	0.0120895135616108	8.88875153779918e-06	0.590813892965515	5.28440473305961e-05	2.81589685326145e-05	7.31316532972245e-05	2.72161410873974e-05	2.76964369236832e-05	3.06195727524565e-05	2.74961011172841e-05	0.000125423269493215
AMP22_0030	Creek_Chub	7.42175299237148e-06	0.000684007199826221	7.65792157272223e-06	8.32074781108382e-05	1.18493216955193e-05	3.53812957799364e-06	0.989134738792976	3.02544019081376e-05	3.0367680637602e-05	0.000913608977380611	3.36354533732103e-05	1.85498172947053e-05	7.87921069784827e-06	0.00897453309153207	5.87503228676178e-05
AMP22_0037	Creek_Chub	3.08323482025198e-05	0.00436117869734629	1.68628646818349e-05	0.0517900090719368	0.0525938766927769	1.12208095488108e-05	0.878432129949331	0.000188318368064457	0.000165474598140795	0.0106730634782896	0.000358372046516851	0.00068483606992935	2.75988898016281e-05	0.000548640789337291	0.000117585465867821
AMP22_0038	Creek_Chub	1.22763491953286e-05	0.000211979782096035	7.44705456965533e-06	3.98361772043318e-05	9.33055996777434e-06	5.89132758135056e-06	0.999325033009052	8.94431287326918e-06	9.76908577879987e-06	0.00029279087329374	1.29346838286174e-05	7.42024121380168e-06	1.40523053092649e-05	1.04659603504303e-05	3.18290187806234e-05
AMP22_0044	Creek_Chub	1.52067939938316e-05	0.000515731179382452	1.50290347910265e-05	0.105383273551861	5.75160036276986e-06	4.24026630269775e-06	0.893544251978397	2.15511189607541e-05	2.38507917151019e-05	0.00036835741482107	1.96283771189464e-05	2.87392092459848e-05	1.07330946117831e-05	6.84138931457898e-06	3.68140453057158e-05
AMP22_0045	Creek_Chub	2.19205945677284e-05	0.000555977636147126	7.62784679548941e-06	5.66177044012092e-05	9.32874064454773e-06	7.42948972942871e-06	0.998743676106135	1.70376744989841e-05	1.96491982984769e-05	0.000456073514780127	2.61012039001735e-05	1.75504574486117e-05	2.01265622096767e-05	1.24638013681377e-05	2.8419740167716e-05
AMP22_0046	Western_Blacknose_Dace	9.46474748307045e-06	0.400397623003771	5.12592723652635e-06	3.80604839830604e-05	4.50687410342176e-06	3.45691591181275e-06	0.000134180735191195	1.42191628112176e-05	1.60309574428439e-05	0.599194348338991	1.07621730467975e-05	1.48599159844973e-05	1.65843833945325e-05	7.33938059181688e-05	6.73824724274464e-05
AMP22_0048	Creek_Chub	2.81544567543317e-05	0.00565947714998706	3.34133917248998e-05	9.78775295831949e-05	0.978440770844618	3.07439621842918e-05	0.00101895760070301	0.000396529594990151	0.000256827602783688	0.0128413139468325	8.79335595808512e-05	0.000399154981272074	6.13107948535867e-05	4.32965497318346e-05	0.000604237880177861
AMP22_0051	Western_Blacknose_Dace	3.51018215989498e-05	0.38898403241237	7.71230244502924e-06	0.000103063536863742	0.00172983617530514	5.38874348991563e-06	4.85696059909418e-05	6.0321434942947e-05	3.77222209408608e-05	0.608827242545783	2.80167433580109e-05	4.3615150741369e-05	1.81798973488053e-05	1.17067607837333e-05	5.94907561070095e-05
AMP22_0052	Western_Blacknose_Dace	0.00458570733251933	0.421674065818389	5.78656661502326e-06	9.70717770257865e-05	4.97298680028683e-06	2.49785447753721e-06	4.38658597676127e-05	8.28317637293236e-06	6.8637856017028e-06	0.573482974432409	6.40690121237506e-06	6.10441809846234e-06	7.73791809881152e-06	5.79864512381263e-06	6.18624787115451e-05
AMP22_0053	Creek_Chub	1.86587241870937e-05	0.0539773243197241	5.04309207157578e-06	0.0519442528715978	0.00173747626002382	1.81634127737473e-05	0.86553161350886	5.58653286113946e-05	9.08284938067888e-05	0.0264671056716046	3.4433673873174e-05	6.70698454470943e-05	1.04193190239244e-05	9.71940710972285e-06	3.20259685189281e-05
AMP22_0054	Western_Blacknose_Dace	8.29911458683495e-06	0.437118595441182	3.32390480356507e-06	2.7478710087128e-05	4.7977093301449e-06	2.84056677685328e-06	7.79676386631672e-05	4.80685018519151e-06	4.62350212604584e-06	0.562703324586153	5.43222494519188e-06	6.74891072690533e-06	8.96393925120428e-06	6.25777797639252e-06	1.65397174260404e-05
AMP22_0058	Creek_Chub	1.1675387393871e-05	2.59399379866808e-05	3.88734606050431e-06	0.0114344195979883	0.00328958631578037	3.27492710665532e-06	0.985137439032396	1.02000656337855e-05	6.65647890026286e-06	2.282279618614e-05	8.47803453431451e-06	8.08920913056667e-06	8.60621185719598e-06	7.14398171063052e-06	2.17809667238533e-05
AMP22_0061	Creek_Chub	1.29672145085244e-05	3.38199042709494e-05	4.6169006139671e-06	3.81438734911379e-05	5.485869547334e-05	4.59880781858485e-06	0.999728726158539	8.84163586922459e-06	9.84335743942635e-06	1.98875955264083e-05	1.04448918308816e-05	8.32790911099493e-06	1.00621004614848e-05	1.48200445564464e-05	4.00410785112732e-05
AMP22_0062	Western_Blacknose_Dace	0.000424177757017069	0.329862660067777	6.80107383181646e-06	0.180254839755595	2.72388677861923e-05	4.48761448360557e-06	0.000291135439761367	1.39251919285954e-05	2.32164020053918e-05	0.489001119930297	1.80814847182264e-05	2.0168167281465e-05	9.8517219264626e-06	1.55099624710177e-05	2.67864649964009e-05
AMP22_0067	Creek_Chub	5.05488246651001e-05	5.23379752451782e-05	0.0244588459713074	0.000240866744858176	1.75170011602006e-05	9.31395706424641e-06	0.974637322048346	2.36238604362105e-05	2.20730883861533e-05	9.63758386776864e-05	2.26068399116488e-05	2.37841835039007e-05	1.8462226903886e-05	2.84020439327369e-05	0.000297919282290912
AMP22_0071	Creek_Chub	6.65698207751429e-05	0.393131702060501	4.47825366315215e-06	0.105160429297015	2.79127514756591e-05	0.000239094452398063	0.000169114938162247	3.28934553216824e-05	4.59243707443773e-05	0.50093560500443	4.96146856874722e-05	5.24377454481061e-05	1.99582543010698e-05	7.04198553744291e-06	5.72224887161807e-05
AMP22_0072	Creek_Chub	2.34083398637837e-05	0.00192744917040512	3.0513980040067e-05	3.30436227794663e-05	0.00592208729516521	9.90654245030672e-06	0.950944501131773	0.000110151363775054	0.000130970172423319	0.00147340817476787	7.94434564309591e-05	0.000181071823783786	8.22018257504609e-06	0.0391084019544845	1.74228837320522e-05
AMP22_0075	Creek_Chub	1.38032310570118e-05	0.000285949900222699	1.60484504796685e-05	0.000188670667997407	6.91659491356135e-06	0.000302634593111787	0.994631999224424	0.0012449067681817	0.000853561732558873	0.000305128704645647	0.00129659193066088	0.000639278491122368	1.7990669082469e-05	1.54951468712494e-05	0.000181023923042903
AMP22_0082	Common_Shiner	0.000140560954388077	0.000209276307652618	0.0171595960192693	0.976682986915112	0.000413396037462611	6.71565029102193e-06	0.00291267517229263	0.000413848349138448	0.000568597278155429	0.000176811550011076	0.000666907222309749	0.00053833193833807	3.91900737460572e-05	8.08099161348331e-06	6.30257030758881e-05
AMP22_0084	Creek_Chub	0.00117883301922724	0.00156834800877455	3.45116370032912e-06	0.0521851650830358	7.57114251586153e-06	2.40122173402569e-06	0.943275968710582	3.39353170276855e-05	4.47051735653914e-05	0.0012754504309384	5.41745553675663e-05	3.89102072625547e-05	1.12509378561243e-05	4.07201356755403e-06	0.000315763184696386
AMP22_0085	Creek_Chub	0.0249773413896514	6.74032458295365e-05	0.0698535311824332	0.688688990801573	0.00455526847091234	0.0597788857432703	0.138995702037898	0.00292205191250606	0.00354816408118795	5.58598316602276e-05	0.00306049728328213	0.00284632097649139	5.96750562227638e-05	0.000307137340607293	0.000283170907210185
AMP22_0086	Hornyhead_Chub	0.396132789840301	0.376326414305396	6.49556548359143e-05	0.000233200195483281	0.0469268395417991	2.47016189467294e-05	0.00271337394869641	5.8958002667697e-05	0.000117529544788728	0.168075443367286	4.39820491276138e-05	7.08132633627831e-05	4.37969611097004e-05	6.52163243404755e-05	0.00910198549380089
AMP22_0088	Creek_Chub	1.06687896182194e-05	2.17552442676544e-05	2.22654139149168e-05	1.96688978923684e-05	0.000105710672538356	2.18906878344241e-06	0.99964939725399	2.91859022584394e-05	2.73310841103905e-05	2.26201304381841e-05	3.00059932052403e-05	2.58463760668923e-05	7.40316171683646e-06	5.86976717911074e-06	2.00825601277004e-05
AMP22_0093	Western_Blacknose_Dace	0.00534669771684761	0.15884787161922	3.74211512955431e-06	3.39677211764549e-05	0.000261946538149006	3.9155396807291e-05	0.744056332568328	5.06717281054199e-05	3.46997490507001e-05	0.0911409890779976	5.69139920868371e-05	4.19521586165302e-05	9.40458854318842e-06	5.55640268524063e-06	7.00984476117647e-05
AMP22_0094	Western_Blacknose_Dace	8.94284264373469e-05	0.570288833902528	1.2117764945649e-05	3.50476283683261e-05	1.15225667144615e-05	8.12369120235663e-06	0.000206146468129215	1.50351308060406e-05	1.28297030378629e-05	0.429197367084523	1.22551556038397e-05	1.14411007200039e-05	1.71572557546603e-05	1.40062042109516e-05	6.86880981835092e-05
AMP22_0095	Western_Blacknose_Dace	0.000138402779942662	0.447847815100322	1.73084055787511e-05	0.00707963107292442	5.01931706305541e-05	0.194802636392415	0.000132804768844004	0.000300441860923749	0.000251097432058254	0.292873547096285	0.000254823647787193	0.000288907209003977	2.66921093852385e-05	0.0557426042892039	0.000193094754391394
AMP22_0096	Western_Blacknose_Dace	2.88252208716861e-05	0.603769852792844	3.75031607651632e-06	0.00982797179353312	7.36968839112361e-06	2.92492493548641e-06	8.32836878791901e-05	1.2299643142444e-05	8.35999920603086e-06	0.382883340492845	9.05503104454159e-06	1.23926790281962e-05	1.49649180726501e-05	0.00331513217990869	2.04763213925959e-05
AMP22_0099	Western_Blacknose_Dace	1.68741591574985e-05	0.627519513060494	1.15154771496524e-05	5.35001581901881e-05	1.93102708541587e-05	5.03053297442063e-06	0.000111895924332362	1.72088527635228e-05	1.56425486790116e-05	0.36762714893464	2.16121692783304e-05	2.67863405888562e-05	1.60289429538047e-05	0.00444171601558544	9.62167888957562e-05
AMP22_0101	Western_Blacknose_Dace	1.05360254766637e-05	0.624300838461146	3.69728683972948e-06	4.0028035743962e-05	8.31490125926011e-06	8.80267101462388e-06	0.02285391464653	7.67864248684448e-06	8.12456996240616e-06	0.35270233791143	1.01165942004937e-05	7.69257363570762e-06	9.6251033477366e-06	4.28664178713566e-06	2.40060506418154e-05
AMP22_0102	Western_Blacknose_Dace	0.000220940424776656	0.574105020287757	5.34477818156907e-06	0.0554161728452891	8.2026040192261e-06	1.18093677492175e-05	0.000169008495465611	2.42594899794311e-05	2.59385301771675e-05	0.369914507646114	2.39584432747999e-05	1.92924302396954e-05	1.69659226607578e-05	9.79256756483633e-06	2.87864790729602e-05
AMP22_0105	Western_Blacknose_Dace	1.38850560300998e-05	0.638937869542434	1.66915863440394e-05	5.49906018978268e-05	8.47875869088714e-06	8.69244847825843e-06	0.000904592305485728	2.75191862504498e-05	2.88075546266225e-05	0.359909887587341	2.44937072870593e-05	2.23136747492716e-05	1.22379017112937e-05	8.30199898634356e-06	2.12381589841768e-05
AMP22_0106	Western_Blacknose_Dace	0.0311040372736752	0.576709742267926	1.25611978819829e-05	0.0164826666926713	6.85023860354117e-06	0.0134869244798707	0.000434329054930215	3.47510457324321e-05	4.59125620678964e-05	0.361511003831402	4.03909478933034e-05	3.46324743180074e-05	4.92416877955501e-05	5.28088237464411e-06	4.16753814813513e-05
AMP22_0107	Western_Blacknose_Dace	0.0187847743265641	0.489226113108297	1.49140353825849e-05	0.000269689636914014	1.16281322183803e-05	0.1320826984408	0.000143510973176362	2.76547871377022e-05	4.09674555895016e-05	0.353456964068115	3.0350239724422e-05	3.57086552754619e-05	1.12861078891895e-05	0.00583796243342416	2.57776692269363e-05
AMP22_0108	Western_Blacknose_Dace	1.42316366200835e-05	0.537789471981426	0.00588171090834658	4.77008363973801e-05	9.04647321898723e-06	0.0635760390913735	0.000109342041131794	2.80123466317116e-05	2.75624634636018e-05	0.377443221885711	2.50078028568248e-05	3.10058512766257e-05	3.80732078790502e-05	0.014914129523638	6.54438572050812e-05
AMP22_0110	Western_Blacknose_Dace	8.0097747555204e-06	0.313110201788232	3.78551444466337e-06	4.37898443197738e-05	4.83760354060208e-06	0.00419537676310089	0.495618158529202	1.12591872112999e-05	1.37339688171473e-05	0.186921142318053	1.25670912195345e-05	1.15544717804414e-05	1.95425160771919e-05	4.21316353285011e-06	2.18274655788595e-05
AMP22_0114	Western_Blacknose_Dace	9.60674380175686e-06	0.618862179643164	0.00283805254674453	4.93090880295569e-05	1.14600002777407e-05	2.69278802662102e-06	0.000135375464039003	1.17793808408566e-05	1.05140471103148e-05	0.377970666401709	9.27620630896788e-06	1.27902021304363e-05	7.34004459309257e-06	1.3775086425942e-05	5.51823940315469e-05
AMP22_0116	Western_Blacknose_Dace	1.45264234999131e-05	0.605566445247581	6.2874963314005e-06	7.78599197435611e-05	6.21526418826367e-06	0.00419574956817087	9.65624130203345e-05	2.54536586546392e-05	1.34209488564431e-05	0.389906068172306	1.60244485721243e-05	1.26264717345015e-05	2.01367847599812e-05	5.79588271676474e-06	3.68274501805275e-05
AMP22_0117	Western_Blacknose_Dace	1.06894979178963e-05	0.626743774814376	4.01473531784656e-06	2.57148549150298e-05	6.6577154397387e-05	4.44775765308452e-06	0.000111781561088879	1.1651480871779e-05	9.3741326205908e-06	0.372948987358871	9.35482213966124e-06	1.23718553667718e-05	1.10121648395523e-05	7.67189877849546e-06	2.25760881202551e-05
AMP22_0118	Western_Blacknose_Dace	1.10168915520469e-05	0.614652925683185	3.94025368427365e-06	2.92032690808991e-05	7.43080029770118e-06	0.000304930393624409	6.52637892669916e-05	2.25021246220219e-05	2.38299674550106e-05	0.384784106977284	2.11639678263602e-05	2.15779857360232e-05	2.45686151699843e-05	6.74143132446856e-06	2.07976844434459e-05
AMP22_0122	Creek_Chub	7.32513570059746e-06	2.89384425327041e-05	2.84082945424314e-06	2.21899971494938e-05	6.32160807377961e-06	2.617863543973e-06	0.999851489802202	4.70956617207697e-06	5.21785366034818e-06	2.44235767701856e-05	5.80546917393388e-06	4.11123557451535e-06	1.05713537188964e-05	5.34442061132009e-06	1.80934751650922e-05
AMP22_0123	Creek_Chub	9.19217093370574e-06	0.00324886866324008	4.20516918895057e-06	6.58819385224997e-05	4.93511829706768e-06	9.61697742670586e-05	0.993943001627922	9.89258160210835e-05	0.000100822953036771	0.00209289695873048	0.0001199447066939	9.93992669941406e-05	8.92338414741971e-05	6.05220608641678e-06	2.04699152099935e-05
AMP22_0125	Creek_Chub	1.09031478232778e-05	8.44728166524397e-05	3.31033983714447e-06	3.76646102954879e-05	5.99909991973248e-06	2.43593072413757e-06	0.999740994026264	5.33219041757082e-06	6.29439254752428e-06	5.78399314100433e-05	7.55138560467854e-06	6.12946482356744e-06	9.11551840506428e-06	5.40519257232225e-06	1.65523872011584e-05
AMP22_0126	Creek_Chub	9.14350854823736e-06	3.83896893340659e-05	3.48116632280266e-06	2.61788541675865e-05	2.17435899528765e-05	2.66370713500834e-06	0.999795322904984	7.69475632283698e-06	7.17946466460405e-06	3.82837438538351e-05	6.08205241015336e-06	8.1737792894913e-06	1.01913640149741e-05	6.47024969850372e-06	1.90016703649444e-05
AMP22_0127	Creek_Chub	9.92199632197296e-06	3.16371635802583e-05	3.42026570913485e-06	2.65325863987797e-05	6.10449405043126e-06	3.79534655129278e-06	0.999812261581421	7.51313745756932e-06	7.4766547920887e-06	3.06102904075215e-05	5.69458748820006e-06	7.37398993146513e-06	2.59323249908873e-05	6.05632150198148e-06	1.56694864056366e-05
AMP22_0128	Creek_Chub	8.00697770425012e-06	0.000314358692617197	3.28997998851006e-06	5.69040660687391e-05	6.04077980561623e-06	3.0292119861148e-06	0.999299951434135	9.90037453684363e-06	1.18126714891302e-05	0.000230376241699809	1.22162369465782e-05	9.90377498910252e-06	8.65136866034656e-06	5.5050360056324e-06	2.00535585958693e-05
AMP22_0129	Creek_Chub	1.35738096689455e-05	3.04772798489747e-05	3.64032401986715e-06	7.45207611560499e-05	5.05439599326164e-06	1.76326692254017e-05	0.999720409701268	1.54659482778976e-05	1.34981188915375e-05	3.96903822912259e-05	1.3903155290287e-05	1.34077317427419e-05	1.19823174848321e-05	8.25735781270131e-06	1.84865003722609e-05
AMP22_0130	Creek_Chub	1.0629754132527e-05	3.60259744398009e-05	3.3244814245006e-06	0.0263191776952396	0.000233067934968612	2.61986236481678e-06	0.9732577320834	1.71064229798572e-05	1.66853687679273e-05	4.17204003008775e-05	1.66245528392606e-05	1.54750063332903e-05	8.00992882891689e-06	4.59088494261437e-06	1.72093540335757e-05
AMP22_0131	Creek_Chub	8.5353312179507e-06	4.71058096062258e-05	3.5776578783226e-06	2.65539266830637e-05	7.78621303898694e-05	2.4543024436003e-06	0.999716873993476	1.01581087387132e-05	1.06081012159751e-05	4.15434640409961e-05	1.11462639805763e-05	1.10745095065941e-05	7.77459249707785e-06	5.04570847570596e-06	1.9686394291253e-05
AMP22_0133	Creek_Chub	4.3238137064776e-05	0.260347053834595	1.45607578969758e-05	0.167205619990826	2.66636168035795e-05	1.60263676316131e-05	0.43765355117619	2.69481556278013e-05	3.18144347030926e-05	0.134398204437844	3.77660401333573e-05	3.18926420245701e-05	4.18971077206504e-05	2.34386106038391e-05	0.000101324655455238
AMP22_0136	Creek_Chub	7.40107115779218e-06	4.15644711278233e-05	3.01522492008131e-06	3.47756473460139e-05	5.71091980605602e-06	2.7556109051481e-06	0.999827617794275	5.2843944425542e-06	4.37630514989754e-06	2.9418655683131e-05	4.68141723814846e-06	5.68398272600204e-06	6.03718467812286e-06	5.19635924131597e-06	1.64813966818094e-05
AMP22_0141	Creek_Chub	1.86387814240464e-05	0.000112961970942064	0.565263651271661	6.73700358957876e-05	5.6369121034228e-06	3.91935590790424e-06	0.434326279342175	1.18923822384418e-05	1.73297110571449e-05	8.85332880131864e-05	1.26796813857324e-05	1.44806958553141e-05	8.37335863522499e-06	4.85792332420412e-06	4.33952367452518e-05
AMP22_0142	Creek_Chub	9.27839362572628e-06	2.20328902324095e-05	4.60468851228182e-06	2.69274404554953e-05	5.90371775358012e-06	2.96601676029815e-06	0.999846033940713	5.33732418634693e-06	4.68456325690503e-06	2.51178249842851e-05	4.76339538622462e-06	5.87630364812454e-06	8.47960183741536e-06	5.78713814170124e-06	2.22069666351788e-05
AMP22_0143	Creek_Chub	0.000117629850555853	6.31069889964653e-05	1.73380032612767e-05	0.00077452820592779	4.63620823410991e-06	2.62754420722676e-06	0.9988167202274	2.41927264138e-05	1.99056022760287e-05	6.22157036877567e-05	2.28739454478782e-05	2.03241504338456e-05	2.86646777870021e-05	6.01434112307783e-06	1.9222093828314e-05
AMP22_0144	Creek_Chub	9.76534894862018e-05	0.000166589681338952	3.39452652303737e-06	3.34756392904432e-05	6.13777213066474e-06	3.25739065425434e-06	0.99945083301266	1.33223887105503e-05	1.0640979696308e-05	0.000151488294613326	1.29084287679655e-05	1.53483343700186e-05	1.15134394920297e-05	6.70481597997358e-06	1.67319365911531e-05
AMP22_0145	Creek_Chub	8.31107661125842e-06	1.92829059130623e-05	3.29551650332512e-06	2.46195926680188e-05	5.65050998470741e-06	2.86185880753411e-06	0.999861946781476	5.25620099371127e-06	4.71083669370048e-06	2.65605417791958e-05	5.37686731779222e-06	5.30772547276691e-06	6.21220188585978e-06	5.32217168496345e-06	1.5285844843709e-05
AMP22_0146	Creek_Chub	9.34774399280308e-06	2.47194451033962e-05	3.01806582777383e-06	3.58207969862275e-05	4.96682793635519e-06	2.74357333955269e-06	0.999780442307393	6.73038603805459e-06	6.62667028796397e-06	2.57695303926435e-05	6.70175116486415e-06	9.15285566408877e-06	6.18859477131824e-05	4.56825664331586e-06	1.75062291777212e-05
AMP22_0148	Creek_Chub	8.07834446890606e-06	3.28010114738505e-05	3.49136761237304e-06	3.66493219928694e-05	5.10182641802015e-06	2.87398091847295e-06	0.999840657542149	5.73096685964225e-06	5.88737312930903e-06	2.36858136754593e-05	5.14170219238112e-06	4.41063224595929e-06	7.61526944355896e-06	4.98739362309386e-06	1.28877283228034e-05
AMP22_0149	Common_Shiner	0.00114247722153898	2.46959721295904e-05	4.29945371767932e-06	0.998677787701289	8.40445871413839e-06	2.60510259183165e-06	4.71569406026217e-05	7.74066097330156e-06	7.25772965009349e-06	2.18241848418606e-05	8.20123483880556e-06	9.72740441072749e-06	9.94060483864292e-06	5.65415525291359e-06	2.22273123887782e-05
AMP22_0150	Common_Shiner	1.76429799095087e-05	0.0188598085843782	0.0151877574161626	0.95500583939751	7.01136256229083e-06	3.98721455193889e-06	0.00129126734563705	2.61886929477247e-05	2.55488442902665e-05	0.00937516991692388	3.18279461843843e-05	1.93417038533958e-05	1.54473549299314e-05	5.21908381758291e-05	8.09700088654111e-05
AMP22_0152	Common_Shiner	4.4696277831957e-06	7.46731965321288e-06	0.999920171986024	9.63318051809052e-06	3.55631667076473e-06	1.99849983122352e-06	7.52587000758081e-06	4.57777671864318e-06	4.50579953740857e-06	7.24739746591105e-06	3.90986719388439e-06	5.69864379546216e-06	4.84600073441291e-06	4.65119911830544e-06	9.74157156292002e-06
AMP22_0153	Common_Shiner	0.000377798541284927	3.32827334904543e-05	6.43147869800058e-06	0.999372274448474	5.94772398477759e-06	1.3269130012114e-05	6.05405147447119e-05	1.44878642066363e-05	1.70359960487735e-05	3.31172945903396e-05	1.37590939623164e-05	1.53130613608064e-05	8.7802968600447e-06	5.61439897619468e-06	2.23482434073252e-05
AMP22_0154	Common_Shiner	0.00296671867890929	3.52633280192358e-05	3.3152514418866e-06	0.996854183187087	5.53489031520188e-06	2.69505689300484e-06	3.48679800230559e-05	6.54762551779677e-06	7.04795007244646e-06	3.93285461118126e-05	5.4423614947528e-06	5.69830925442083e-06	9.81038501902466e-06	5.80816785854736e-06	1.77382728408617e-05
AMP22_0155	Rosyface_Shiner	1.94474884616656e-05	1.27445478500457e-05	0.999845737556616	2.83216395819184e-05	9.83757996283676e-06	2.6248150946306e-06	1.35820420447092e-05	7.30690845642412e-06	5.85273828710474e-06	1.11092628811136e-05	7.83892821370645e-06	8.76537835081993e-06	6.41667001029357e-06	5.66866342047921e-06	1.47460490526677e-05
AMP22_0156	Rosyface_Shiner	2.31545250450521e-05	0.000429996703105456	0.996652216096719	0.000241194038122314	0.000514864164856813	9.7849973220645e-06	0.0013513859396782	1.93864602897573e-05	2.58961642218459e-05	0.000410324419160506	3.24585454836074e-05	3.44796550893551e-05	5.01736695553971e-05	1.36121201923529e-05	0.000191072647421526
AMP22_0157	Rosyface_Shiner	6.83044342334206e-06	1.28937804796689e-05	0.979269392073154	1.17218282022616e-05	6.0948229400546e-06	0.0205946679655463	1.36349076301274e-05	1.17324966757847e-05	1.02821986344466e-05	1.22781240516105e-05	7.53609370535917e-06	9.06080685251993e-06	1.30051390433218e-05	7.15530229617856e-06	1.37142721058162e-05
AMP22_0160	Rosyface_Shiner	4.82283469361081e-06	5.55398396816431e-06	0.999923044145107	9.17004783030252e-06	4.5661130552506e-06	2.1278509914798e-06	5.87745660193573e-06	4.09233375493281e-06	5.14880402143363e-06	5.90032957464968e-06	4.25027044123565e-06	3.28185661490303e-06	3.10414638495563e-06	2.90082909681796e-06	1.61594009120934e-05
AMP22_0161	Rosyface_Shiner	5.25707597928403e-05	0.000119676047927229	0.875269069105387	0.0134627901774038	0.000191812999684785	3.31230964608957e-06	0.102486886883775	2.56407252623352e-05	4.53506307208197e-05	9.41187040633797e-05	4.77474532568254e-05	5.41853471885809e-05	9.61075549137772e-06	8.45374525348708e-06	0.00812877429498419
AMP22_0164	Rosyface_Shiner	4.94596283947018e-06	1.06165895836239e-05	0.999902346422275	9.90094719885805e-06	4.5645292357551e-06	3.28232234890675e-06	1.42502564775987e-05	6.37290767484164e-06	5.57321672087035e-06	9.58413368895027e-06	5.17479316159021e-06	5.59067888529819e-06	5.06127509487021e-06	3.62026468878567e-06	9.11660498285134e-06
AMP22_0165	Rosyface_Shiner	5.01640550346337e-06	6.25704836978692e-06	0.999912016232808	7.45856459465248e-06	3.68506648329705e-06	4.91440839965109e-06	9.96908483062589e-06	6.53726516664015e-06	5.46691555968745e-06	8.90694309530384e-06	4.44694022528827e-06	5.41036784886657e-06	4.54911581598742e-06	3.16323977036771e-06	1.22028034103744e-05
AMP22_0168	Rosyface_Shiner	1.71087445311362e-05	5.09565103677392e-05	0.785225647807121	5.68958123776922e-05	5.19661228136577e-06	3.61687352713492e-06	0.214468634950618	9.77469611204149e-06	9.24505667996902e-06	5.09336705109362e-05	7.99526380882655e-06	1.05075890568219e-05	1.23009772598737e-05	7.79408424560284e-06	6.3391240641271e-05
AMP22_0169	Rosyface_Shiner	4.04595538617587e-06	5.742231783141e-06	0.999934091577927	6.05529030419971e-06	2.58547469113428e-06	2.54724366129497e-06	8.20261998756254e-06	3.73091551119522e-06	4.11708716094638e-06	5.6991082442905e-06	4.78375424171679e-06	3.50739104507804e-06	4.97275249025554e-06	2.60777679189867e-06	7.31110026052804e-06
AMP22_0170	Rosyface_Shiner	1.38660000683172e-05	0.000574677027671243	0.987233924925327	0.00366600439468972	7.44239297458058e-06	2.5677996884948e-06	0.00828739167497028	1.02989484346802e-05	1.51075568432725e-05	6.83049572464448e-05	1.12236583088024e-05	9.23043611299614e-06	1.01946408396506e-05	1.63692412240004e-05	7.33962606917126e-05
AMP22_0174	Rosyface_Shiner	2.9819190629273e-05	0.159676423474443	0.759967392116785	9.4420322531797e-05	9.70789018565782e-06	2.98752510850127e-06	0.000116270798067132	1.25691864718792e-05	1.03775275811703e-05	0.0799807501931521	8.91279633172209e-06	1.2616296461824e-05	2.03202069411048e-05	5.758900760802e-06	5.16734358488827e-05
AMP22_0175	Rosyface_Shiner	7.08056082241792e-06	1.18699240162873e-05	0.999895968735218	9.46132613719617e-06	4.77096145887669e-06	2.35140753632948e-06	1.53882816515911e-05	4.92414815865482e-06	4.76791164063065e-06	9.63338283895694e-06	4.85798296852507e-06	6.10051444399447e-06	6.44532030554211e-06	5.10086539099497e-06	1.12793718357636e-05
AMP22_0177	Rosyface_Shiner	5.17291322506899e-06	9.90490885196358e-06	0.996846051474412	1.20595327210782e-05	0.00304469635380791	2.85890205127124e-06	1.19331586865223e-05	6.56565861509195e-06	7.04196304163734e-06	1.01086684832893e-05	6.34513466374457e-06	7.5395143503914e-06	5.55683997908234e-06	5.85236237709556e-06	1.83125513019167e-05
AMP22_0178	Rosyface_Shiner	6.68185271855822e-06	1.07420438439917e-05	0.996979183892409	1.05951169436983e-05	0.00288519740500514	3.79255327862502e-06	1.4089300058532e-05	7.99036717856164e-06	8.5680182140141e-06	1.12144023999857e-05	8.83034572083285e-06	9.60450377309355e-06	7.70852918939723e-06	8.28160139467609e-06	2.75199894808805e-05
AMP22_0179	Rosyface_Shiner	6.08012004850697e-06	7.05583861530477e-06	0.999861963282029	1.37628867097267e-05	9.53408570710716e-06	3.05270455108273e-06	8.85567680157422e-06	5.21606499835577e-06	7.26722567931901e-06	6.32717075307667e-06	7.25141661024134e-06	6.5151708257124e-06	5.05343491539235e-06	3.77211771044951e-06	4.82936485171017e-05
AMP22_0181	Rosyface_Shiner	1.39570058915116e-05	8.68135619942876e-06	0.999902888715267	9.84661996238489e-06	7.25973872945611e-06	2.25273414866991e-06	7.43369084485064e-06	7.7008232014165e-06	5.03074575351656e-06	7.14262517735596e-06	6.10693951640517e-06	4.72583882661516e-06	4.27105559245179e-06	3.8288707032975e-06	8.87348082655001e-06
AMP22_0182	Rosyface_Shiner	4.79614870220957e-06	8.42399428672428e-06	0.999905372748772	7.8593247616549e-06	1.76993333041877e-05	2.65395485220345e-06	9.44230008404178e-06	3.91440397649289e-06	4.87767205845337e-06	7.85625950176024e-06	4.93703861334911e-06	5.54825849020516e-06	4.80054149103643e-06	3.6999043383542e-06	8.11910906143839e-06
AMP22_0187	River_Chub	4.49979094487206e-06	8.20467852067567e-06	3.04797965633906e-06	6.3404124684539e-06	0.000113766820910296	2.09402557627234e-06	1.03869915990097e-05	6.13343395530051e-06	5.91156003137326e-06	7.94538576258665e-06	7.81484994507468e-06	6.49380246069687e-06	4.63931726706154e-06	0.999806714872519	6.00617044398207e-06
AMP22_0188	River_Chub	6.81559185437382e-06	1.94752992646574e-05	3.25674750561628e-06	2.92030517298912e-05	4.77346340628029e-06	3.64372135064951e-06	0.49544328892231	5.58140418487656e-06	6.12241554356732e-06	2.48387032201232e-05	6.31240180423582e-06	4.97959294808617e-06	7.57184872420213e-06	0.504416274602214	1.78624174318494e-05
AMP22_0189	River_Chub	4.30254219790179e-06	7.37198560527821e-06	2.55431056786683e-06	8.5860067693618e-06	6.87220543221404e-06	2.95135905724209e-06	8.06657770834686e-06	4.58911259239186e-06	4.31995033142987e-06	6.90297828692775e-06	3.84440257396611e-06	3.7420480658658e-06	4.04796428445384e-06	0.99992558696866	6.26200112959393e-06
AMP22_0190	River_Chub	6.91964170212878e-06	1.13454444924139e-05	0.000118839240768206	1.13790193844159e-05	4.87070787127311e-06	1.92425707179947e-06	1.29165347903718e-05	7.89513826848468e-06	7.96483291943955e-06	1.01114682926967e-05	8.25377341717697e-06	9.81215101952409e-06	6.05146052318761e-06	0.999772964477539	8.75234988022406e-06
AMP22_0191	River_Chub	3.27060506718515e-06	5.65516902405318e-06	2.43715647794453e-06	4.86044201869259e-06	3.58110697711532e-06	2.12684026262917e-06	5.78040114893503e-06	3.72104495651168e-06	2.91842116356103e-06	5.14639964492548e-06	3.05095775833255e-06	2.78426706432025e-06	4.099763337767e-06	0.99994615522027	4.41268133116377e-06
AMP22_0193	River_Chub	5.1044821918949e-06	8.99513443972377e-06	2.84299355529218e-06	8.47057312799e-06	3.71932259077698e-06	2.51410682619491e-06	7.72808157018152e-06	3.65328938224161e-06	4.55543690866911e-06	7.95969104060784e-06	3.82279595533589e-06	4.31014405179223e-06	5.42791348459873e-06	0.99992389134566	7.0051240014868e-06
AMP22_0194	River_Chub	9.8797332321106e-06	8.35531801103101e-05	0.000763509849444221	3.2937268698813e-05	8.91008171483e-06	6.33589765524944e-06	5.72038382707333e-05	5.04281175533185e-05	3.57498800192523e-05	6.55339076243493e-05	4.31758228540518e-05	2.75746513241538e-05	1.15383379654608e-05	0.99866274368763	0.000140926002048899
AMP22_0195	River_Chub	0.00063331378137857	0.000200758574297535	6.2081319932728e-06	0.000865294338071626	7.03419755829356e-06	5.9980904496658e-06	0.00126016673080222	2.58737814219165e-05	3.94937105300951e-05	0.000307407419263347	2.03176243943273e-05	2.45595041894458e-05	1.16578243367159e-05	0.993437336236239	0.00315457991687986
AMP22_0197	Creek_Chub	9.72053328907503e-06	3.53802515069505e-05	7.04228812989688e-06	3.01660242599611e-05	1.29545175896971e-05	1.2398885951781e-05	0.999730661282937	1.60034945770709e-05	2.21088881634782e-05	5.01995898141082e-05	1.6927103872811e-05	2.16849729722555e-05	1.14290490715354e-05	4.89940553275985e-06	1.84240842919026e-05
AMP22_0198	Common_Shiner	0.0161868418117519	5.05113599231965e-05	3.51582302837514e-06	0.982178708235423	5.04357212620719e-06	2.50630769487634e-06	9.57742346415218e-05	9.01215573397448e-06	1.2396809464218e-05	3.65367749251151e-05	1.06678615887889e-05	1.52991351167582e-05	1.03237201266986e-05	0.00134472893996435	3.81334309822451e-05
AMP22_0201	Common_Shiner	3.73053726984656e-05	0.0312311868148762	0.00270069664119364	0.93191619254152	7.68783569856417e-06	0.0167921873804492	0.000221259843753605	9.46120174356259e-05	4.22438620074665e-05	0.016702832162444	0.000110000666362245	3.97282951395691e-05	1.09183726812682e-05	2.18830279778276e-05	7.12654412583866e-05
AMP22_0203	Common_Shiner	5.78680269479603e-05	2.12363954658082e-05	4.10223094568675e-06	0.694006627619266	5.78856245836998e-06	2.46274260862412e-06	0.305819890511533	6.21611915825666e-06	6.68107748672599e-06	2.31669860418821e-05	8.45528190766904e-06	7.24672012374667e-06	7.74773709252979e-06	5.9206949687388e-06	1.65893036864836e-05
AMP22_0204	Common_Shiner	1.35640562883332e-05	2.25712052377135e-05	2.75993846261649e-06	0.999805990556876	7.9893012115931e-06	4.81051199089594e-06	4.03920429589596e-05	8.63324284311695e-06	8.216564821321e-06	2.75358430269572e-05	1.10767596952379e-05	1.0215879886337e-05	6.84606212243364e-06	1.50095955402179e-05	1.43889634655892e-05
AMP22_0205	Common_Shiner	1.1303636631276e-05	3.24809730312831e-05	0.00032693401911933	0.998667120327552	6.11047911792694e-06	2.4349782383085e-06	5.5455326075222e-05	0.00018404607420727	6.24399610010567e-05	2.87184108235454e-05	0.000101747947398374	0.000119401577915923	1.05283871666667e-05	1.6465992604911e-05	0.000374811913731872
AMP22_0206	Common_Shiner	9.72619266943631e-05	2.16602896415474e-05	3.88888687191095e-06	0.999688127150138	6.03904345646839e-06	2.54632295548369e-06	9.35970563228302e-05	7.63520224023079e-06	7.24309275392924e-06	2.58996207451514e-05	6.88826485907214e-06	6.92322264246157e-06	7.94342745483065e-06	5.62532193411742e-06	1.87214635001397e-05
AMP22_0208	Common_Shiner	0.00330711319112018	0.0160460840187464	0.000193917825799625	0.896180793931087	0.0147070530672058	1.7720841457975e-05	0.0472429781456015	0.00167407374665518	0.00104283461755	0.0148035384856827	0.00261245457800221	0.000141446139381267	8.29616123822402e-05	0.0001020073305642	0.00184502279759758
AMP22_0210	Common_Shiner	0.0048062577932724	3.53613396567183e-05	3.81917412677348e-06	0.995008131007353	5.3921218436519e-06	2.98678716385494e-06	5.40845612817848e-05	5.53081392106084e-06	5.82400785835227e-06	2.66310963798724e-05	6.70662301438369e-06	6.17237870558841e-06	8.40753002839188e-06	4.59016172531885e-06	2.01044716303734e-05
AMP22_0211	Common_Shiner	0.0191721955616958	0.000428285527761956	0.0156694310660629	0.919128947913647	3.74721407648887e-05	2.38580603464586e-05	0.0438888337887075	0.000171206343605159	0.000547292240494573	0.00026226845343881	0.000114526600546464	0.000303432652901029	1.23140714631382e-05	3.35613512535385e-05	0.000206373912778255
AMP22_0212	Common_Shiner	0.000162239169848492	6.89343960616664e-05	7.75401039617198e-06	0.997410827974478	5.33214324116512e-06	7.97010897407175e-05	0.000839491121193073	0.000308199495648482	0.00027425218205668	4.89714123184275e-05	0.000309849646844129	0.000313778470882261	2.91151616008139e-05	6.25679137900586e-05	7.89859673072181e-05
AMP22_0214	Common_Shiner	0.00804827187522703	9.5067086393015e-05	3.76480717604885e-06	0.99099839797616	4.11115305317743e-06	0.000447216896701797	0.000101473389503919	4.08287541363633e-05	5.45527127528076e-05	7.57199548802711e-05	4.9861749677592e-05	4.00088577323055e-05	8.01461090292155e-06	7.03139173557002e-06	2.56793938032887e-05
