Mandeville_ID	Common_Name	1	2	3	4	5
AMP19_0002	Western_Blacknose_Dace	0.512105924467246	0.477248621106148	0.0104227449920727	4.71774558948822e-05	0.00017553180211112
AMP19_0003	Western_Blacknose_Dace	0.402895367801189	0.492626402497292	7.9969003903381e-05	0.0883800178555151	0.016018243001774
AMP19_0004	Western_Blacknose_Dace	0.00793161820068654	0.930612935304642	1.28401697334252e-05	0.0022686095372422	0.0591739965640008
AMP19_0005	Western_Blacknose_Dace	2.13904201528594e-05	0.986462198813756	7.37037894344479e-05	3.60812490721682e-05	0.0134066256997176
AMP19_0007	Western_Blacknose_Dace	0.000323309858002124	0.968101117134094	9.58389584402039e-06	6.44082991559046e-06	0.0315595475633939
AMP19_0008	Western_Blacknose_Dace	0.000394671615142398	0.931300273458163	0.00045045963505995	2.17323714438466e-05	0.0678328631396095
AMP19_0009	Western_Blacknose_Dace	3.42066080453824e-05	0.999934521734715	1.3615018017024e-05	6.60749151502614e-06	1.10496902373052e-05
AMP22_0004	Creek_Chub	0.252286041637262	0.747675091048082	1.01679178935888e-05	1.0091889293907e-05	1.86072042652482e-05
AMP22_0005	Western_Blacknose_Dace	0.0218868612872126	0.974166894614697	8.83953919166609e-05	0.00383845639100764	1.93927311328666e-05
AMP22_0007	Western_Blacknose_Dace	0.0194232267389695	0.980540572464466	1.54080418802057e-05	7.3299307879531e-06	1.34625115235e-05
AMP22_0011	Western_Blacknose_Dace	0.00012287376134684	0.999847858885924	9.75325709073089e-06	9.01902366724211e-06	1.04959462911431e-05
AMP22_0013	Western_Blacknose_Dace	4.81503621927301e-05	0.999882279018561	2.65599239023438e-05	1.33681525928254e-05	2.96431468515629e-05
AMP22_0014	Western_Blacknose_Dace	0.00011057806787993	0.999862407604853	1.12052005203823e-05	6.32827082929702e-06	9.48127019192355e-06
AMP22_0015	Western_Blacknose_Dace	0.000212435112545076	0.999753212352594	1.80574917159972e-05	6.50343719015101e-06	9.79205971601651e-06
AMP22_0017	Western_Blacknose_Dace	0.0779383217779299	0.824764452834924	2.35263490222171e-05	0.000284832053384754	0.0969888664583365
AMP22_0022	Creek_Chub	0.0106118198692847	0.989259575943152	9.52467385434885e-05	1.0235641538793e-05	2.31216822681549e-05
AMP22_0023	Creek_Chub	0.0485224535131517	0.911163081427415	0.00793156714857711	8.93682124441204e-05	0.0322935297852382
AMP22_0024	Creek_Chub	0.00317615220382868	0.99652918535471	0.000261851250936914	1.01274105556173e-05	2.2683969274057e-05
AMP22_0028	Creek_Chub	0.168116390978297	0.750882291972637	0.0012863503967705	0.0730509168145557	0.00666405005233052
AMP22_0029	Creek_Chub	0.517325123369694	0.456286853084962	0.0122797484561646	0.0140815713287642	2.67036451035351e-05
AMP22_0030	Creek_Chub	0.000541167169329408	0.989823805054029	1.70661851497538e-05	1.32141782613696e-05	0.00960474730244217
AMP22_0037	Creek_Chub	0.0736924516446889	0.870544587016106	0.055176866295437	3.16740503321338e-05	0.000554420466750846
AMP22_0038	Creek_Chub	0.00016262878225263	0.99977670421203	1.79274935015601e-05	1.52432707827716e-05	2.74963779459543e-05
AMP22_0044	Creek_Chub	0.175010426635544	0.824956404487292	1.06459541026294e-05	1.0504247469099e-05	1.20185317384347e-05
AMP22_0045	Creek_Chub	0.000158178313995607	0.999730709552765	6.00723910306619e-05	2.1399167231389e-05	2.96408702524628e-05
AMP22_0046	Western_Blacknose_Dace	4.4361504887706e-05	0.999596366067727	1.13822476414473e-05	1.02242008387623e-05	0.000337666413048788
AMP22_0048	Creek_Chub	0.000926795542081079	0.019412735227061	0.979494659503301	0.000103532696472036	6.22770622104452e-05
AMP22_0051	Western_Blacknose_Dace	0.000183814603153636	0.997437385757764	0.00233554809655654	1.79129344373799e-05	2.53391546309967e-05
AMP22_0052	Western_Blacknose_Dace	0.00559393103348207	0.994365677316984	1.00613508960073e-05	1.68523847068568e-05	1.34785345591798e-05
AMP22_0053	Creek_Chub	0.0845679746282597	0.913734871764978	0.0016693040746601	7.88617997630431e-06	1.99637432025199e-05
AMP22_0054	Western_Blacknose_Dace	3.05772723185012e-05	0.999937531689803	1.42204888252322e-05	6.10382280162284e-06	1.15669921750913e-05
AMP22_0058	Creek_Chub	0.0254472168204763	0.971577908913294	0.00295486577791356	6.34104550313976e-06	1.36673100705607e-05
AMP22_0061	Creek_Chub	0.00013872295179692	0.999806846996148	1.96041131269495e-05	1.32908325831684e-05	2.15362475425828e-05
AMP22_0062	Western_Blacknose_Dace	0.142299793961147	0.857636310239633	2.82255983170991e-05	1.03759916153643e-05	2.52947722143135e-05
AMP22_0067	Creek_Chub	0.000290600600872495	0.974364189704259	4.2334341681859e-05	0.0252716800582906	3.11952524191153e-05
AMP22_0071	Creek_Chub	0.0777694849893451	0.922185269137224	1.50804386420165e-05	1.51940021037758e-05	1.49711603127264e-05
AMP22_0072	Creek_Chub	0.000500186162030119	0.952069581647714	0.00610144877833469	1.96071549047176e-05	0.0413091758880764
AMP22_0075	Creek_Chub	0.000450814610551578	0.999442663371563	1.76365810700697e-05	3.00093474735063e-05	5.88767159776723e-05
AMP22_0082	Common_Shiner	0.975931238412857	0.00655360346998865	0.000711070532407497	0.0167841368600105	1.99504189079507e-05
AMP22_0084	Creek_Chub	0.114241634917756	0.885727230906487	1.45844310152599e-05	6.86660454274727e-06	9.68360821650061e-06
AMP22_0085	Creek_Chub	0.52653659320871	0.394869146625201	0.00778153935024907	0.0681721856693427	0.00264053512005228
AMP22_0086	Hornyhead_Chub	0.534319603264332	0.425479043285052	0.0396019485198582	0.000559387654680891	4.00171585775889e-05
AMP22_0088	Creek_Chub	0.000107880100095096	0.999782311101755	7.95687265988857e-05	2.08543493951969e-05	9.38612262250631e-06
AMP22_0093	Western_Blacknose_Dace	0.0148486170663857	0.984630719761054	0.00049825223753537	1.19016316996863e-05	1.05097750298592e-05
AMP22_0094	Western_Blacknose_Dace	5.05403406005864e-05	0.999891197661559	1.89322064745009e-05	2.29438913255889e-05	1.63863764825342e-05
AMP22_0095	Western_Blacknose_Dace	0.00116293352926683	0.945877090950807	0.000683711798940399	2.02518352162763e-05	0.052256011698395
AMP22_0096	Western_Blacknose_Dace	0.00664081334216271	0.990114219784737	1.27530556422257e-05	6.31547896791618e-06	0.00322589826712404
AMP22_0099	Western_Blacknose_Dace	8.07809275895412e-05	0.996553523083528	2.16173052327887e-05	2.80696933087446e-05	0.00331600940317204
AMP22_0101	Western_Blacknose_Dace	4.3878835021623e-05	0.999921344359716	1.64657808352043e-05	8.74550106177934e-06	9.56604640457499e-06
AMP22_0102	Western_Blacknose_Dace	0.0358959720867376	0.964061950782935	1.86829926126559e-05	9.54772724881007e-06	1.38459056679006e-05
AMP22_0105	Western_Blacknose_Dace	3.13959988106748e-05	0.999910551567872	1.12605680290512e-05	3.32484941510124e-05	1.35443834308901e-05
AMP22_0106	Western_Blacknose_Dace	0.0659472283124924	0.933993975520134	1.19754281088236e-05	3.80138835400591e-05	8.80710224300476e-06
AMP22_0107	Western_Blacknose_Dace	0.0203772352638965	0.974289476076762	1.63714128382898e-05	4.46164912090538e-05	0.00527230059264305
AMP22_0108	Western_Blacknose_Dace	6.3131579082104e-05	0.980129634221395	1.79623652727705e-05	0.00571202928299317	0.0140772422812879
AMP22_0110	Western_Blacknose_Dace	5.4122069481694e-05	0.999913277467092	1.33223948314266e-05	7.43319972711988e-06	1.18457154698122e-05
AMP22_0114	Western_Blacknose_Dace	0.000145662161086206	0.997083218415578	2.68875583725883e-05	0.00271715280521312	2.70794384143965e-05
AMP22_0116	Western_Blacknose_Dace	0.000181865252790105	0.999779810369015	9.91426966841116e-06	1.65334571687657e-05	1.18779528352723e-05
AMP22_0117	Western_Blacknose_Dace	4.53906200456733e-05	0.999807906667391	0.000121575598062829	1.17295124693019e-05	1.33983816896792e-05
AMP22_0118	Western_Blacknose_Dace	4.77375953690458e-05	0.999915613889694	1.37388695694416e-05	6.84102931467488e-06	1.60689701816353e-05
AMP22_0122	Creek_Chub	8.96601480152156e-05	0.999878195643425	1.49210262081828e-05	6.1894290949027e-06	1.10334964521158e-05
AMP22_0123	Creek_Chub	2.60214256276008e-05	0.999936599195004	1.33457358431428e-05	1.03434505803546e-05	1.3690640435272e-05
AMP22_0125	Creek_Chub	0.000108343617707975	0.999862274626891	1.26499295523595e-05	7.37962881892178e-06	9.35333199316695e-06
AMP22_0126	Creek_Chub	4.59563630348863e-05	0.99989483722051	3.83863741475266e-05	7.49585790207497e-06	1.33250936720193e-05
AMP22_0127	Creek_Chub	0.000108163868372631	0.999864581187566	8.78276108916335e-06	7.15641198588857e-06	1.13167250552217e-05
AMP22_0128	Creek_Chub	0.000149172178568562	0.999821132500966	1.04021843530329e-05	8.4974491031793e-06	1.0796651175913e-05
AMP22_0129	Creek_Chub	0.000634637882446896	0.999337544798851	1.00305173788319e-05	6.99789053763729e-06	1.07894933752369e-05
AMP22_0130	Creek_Chub	0.0506803514702866	0.949150922139486	0.000150201990486019	8.10253233429174e-06	1.04218802564067e-05
AMP22_0131	Creek_Chub	0.00015275972526935	0.999777138749758	5.21923785399367e-05	6.88485335076478e-06	1.10252997612636e-05
AMP22_0133	Creek_Chub	0.173497578928868	0.82637964506944	3.39274443648701e-05	3.65437345147961e-05	5.23049814405555e-05
AMP22_0136	Creek_Chub	5.08204413707611e-05	0.999917993406455	1.0579849685817e-05	7.52645648590882e-06	1.30805797774742e-05
AMP22_0141	Creek_Chub	0.000536720332753406	0.420033977468808	9.07550581237224e-06	0.579404701213042	1.55257391230128e-05
AMP22_0142	Creek_Chub	4.70636595787397e-05	0.999917734940847	1.43542307080736e-05	7.94458397517309e-06	1.29030715613669e-05
AMP22_0143	Creek_Chub	0.00441527561096837	0.995545519888401	1.36091062217697e-05	1.50743581120209e-05	1.05215530708128e-05
AMP22_0144	Creek_Chub	0.000231796983773622	0.999738072872162	1.20515757817877e-05	7.7740887825595e-06	1.03053391124821e-05
AMP22_0145	Creek_Chub	9.84878435133996e-05	0.99987075505654	1.2135829800829e-05	7.53227507119826e-06	1.10895329103138e-05
AMP22_0146	Creek_Chub	9.65410432980886e-05	0.999871154109637	1.33761430526152e-05	7.89396248070988e-06	1.10358311298008e-05
AMP22_0148	Creek_Chub	0.000358533655183241	0.99960524370273	1.23628462188501e-05	8.68841188763962e-06	1.51722241256733e-05
AMP22_0149	Common_Shiner	0.999915963351727	4.9711469407241e-05	1.34010076912044e-05	8.23917841923848e-06	1.2686016469352e-05
AMP22_0150	Common_Shiner	0.942642577429612	0.0423698440875548	1.69931463429486e-05	0.0149014774973815	6.91074305645266e-05
AMP22_0152	Common_Shiner	1.62369857532515e-05	1.82552084348695e-05	4.80175359459115e-06	0.999951041519642	9.66501279746663e-06
AMP22_0153	Common_Shiner	0.999747364461422	0.000225228936426465	9.75695576141782e-06	7.06932550330321e-06	1.05809074490959e-05
AMP22_0154	Common_Shiner	0.999867944180965	0.000102767906179485	1.03156276490881e-05	7.55215010746221e-06	1.14207668302722e-05
AMP22_0155	Rosyface_Shiner	7.06368911816703e-05	3.28543526457255e-05	2.41017395319922e-05	0.999863692263762	8.71537301897766e-06
AMP22_0156	Rosyface_Shiner	0.000556521661593837	0.00239610871419169	0.00135210052911899	0.995682482083639	1.27872481588196e-05
AMP22_0157	Rosyface_Shiner	2.30395052179221e-05	0.0243768388458217	1.18714057655447e-05	0.975576262493928	1.19884611747785e-05
AMP22_0160	Rosyface_Shiner	1.74421817322992e-05	1.17259681883778e-05	6.54707155116427e-06	0.999956472635269	7.81277120354763e-06
AMP22_0161	Rosyface_Shiner	0.0366807266787315	0.0801693989597261	0.000269172203114501	0.882868335346381	1.23661165518391e-05
AMP22_0164	Rosyface_Shiner	1.70572525700482e-05	2.3919689524181e-05	8.94625888405787e-06	0.999939619918664	1.04575412495381e-05
AMP22_0165	Rosyface_Shiner	1.96667260093505e-05	1.48819238281892e-05	6.76904900980143e-06	0.999952607174714	6.07587055865045e-06
AMP22_0168	Rosyface_Shiner	0.000127779984472012	0.201908317183455	1.62695657333237e-05	0.797932840466499	1.47926340530351e-05
AMP22_0169	Rosyface_Shiner	9.36177237717468e-06	1.63464420218241e-05	6.4157565657975e-06	0.999961834073067	6.04270820825464e-06
AMP22_0170	Rosyface_Shiner	0.00618799899822261	0.00598979957083893	1.72432883692302e-05	0.987779841820399	2.51167102233279e-05
AMP22_0174	Rosyface_Shiner	0.000199713342767921	0.241739643623432	1.62144490992047e-05	0.758035856584708	8.57200630531986e-06
AMP22_0175	Rosyface_Shiner	2.10677822264794e-05	3.93995060742029e-05	1.04733258157063e-05	0.999920210401217	8.85003016758114e-06
AMP22_0177	Rosyface_Shiner	2.88263773271756e-05	2.99225305833724e-05	0.00309480723556025	0.996833693961302	1.27500014580549e-05
AMP22_0178	Rosyface_Shiner	1.92319361380688e-05	3.59173669088307e-05	0.00266178828552257	0.9972688904802	1.41717314704124e-05
AMP22_0179	Rosyface_Shiner	2.02900974689234e-05	1.38150802281596e-05	2.28148086201911e-05	0.999934512277444	8.56813117019671e-06
AMP22_0181	Rosyface_Shiner	1.64114627832269e-05	1.85993820318083e-05	1.13158366285992e-05	0.999947387337685	6.28650859729581e-06
AMP22_0182	Rosyface_Shiner	1.81867971472528e-05	1.73039325141637e-05	4.49598304355819e-05	0.999910567422708	8.98253869582118e-06
AMP22_0187	River_Chub	1.99071624228673e-05	1.65215602070272e-05	9.3544819512893e-05	7.53340275389617e-06	0.999862493475278
AMP22_0188	River_Chub	7.57343133539447e-05	0.471170695294936	1.3989833190071e-05	5.81677760296139e-06	0.528733763446411
AMP22_0189	River_Chub	1.78125715049422e-05	1.76528043917692e-05	9.6696805228738e-06	5.41186205036329e-06	0.999949453572432
AMP22_0190	River_Chub	2.38251973260214e-05	2.99070964404883e-05	1.43821198296415e-05	0.000159335237620636	0.999772550781568
AMP22_0191	River_Chub	1.21881278061871e-05	1.12418526467671e-05	6.8942735758596e-06	3.78466154196331e-06	0.999965892016888
AMP22_0193	River_Chub	1.86070548744436e-05	2.92514525178264e-05	6.67861444336154e-06	4.51806013409307e-06	0.999940945704778
AMP22_0194	River_Chub	8.53870271852596e-05	0.000123211099289202	1.44925151149398e-05	0.00124778418262423	0.998529124875863
AMP22_0195	River_Chub	0.00466978567842126	0.00309197964269853	9.92263903195697e-06	1.0706931997864e-05	0.99221760503451
AMP22_0197	Creek_Chub	6.59791470468504e-05	0.999889711697896	2.11673558560013e-05	1.45568351465643e-05	8.58573703558325e-06
AMP22_0198	Common_Shiner	0.998428011318048	8.65824471980256e-05	1.04701836071705e-05	7.35010402730371e-06	0.00146758577356543
AMP22_0201	Common_Shiner	0.769087889810403	0.227915514677763	2.82727072537402e-05	0.00292310308553958	4.52199390995604e-05
AMP22_0203	Common_Shiner	0.804047533810139	0.195924983695149	7.50048738341533e-06	7.3285435542154e-06	1.2653632478782e-05
AMP22_0204	Common_Shiner	0.999820211132367	0.000135235532628478	1.80683477270895e-05	5.5095398609506e-06	2.09764256626733e-05
AMP22_0205	Common_Shiner	0.99951392976443	0.000101919959589619	9.29501007288627e-06	0.000347399535893115	2.74560086479414e-05
AMP22_0206	Common_Shiner	0.999892892003059	8.06705085149882e-05	8.74841628734079e-06	7.11963293369006e-06	1.05699635643244e-05
AMP22_0208	Common_Shiner	0.889625375509262	0.096324764151426	0.0134578536377812	0.000343810840930308	0.000248196118221595
AMP22_0210	Common_Shiner	0.999933332502842	3.98801031682245e-05	9.47595263432435e-06	7.20866035138707e-06	1.01035709794626e-05
AMP22_0211	Common_Shiner	0.955177198151747	0.0288918839759516	2.73456342488596e-05	0.0158689199762108	3.46520133244955e-05
AMP22_0212	Common_Shiner	0.995741654992104	0.0041377172590707	9.25652753915331e-06	1.33633595420439e-05	9.80080614056731e-05
AMP22_0214	Common_Shiner	0.994964641392231	0.0050092649471933	1.11035699830449e-05	6.83805158289236e-06	8.15238843333436e-06
AMP22_0215	Common_Shiner	0.99929153629144	0.000679854684828811	1.25086899391571e-05	7.27637764789847e-06	8.8247510401851e-06
AMP22_0217	Common_Shiner	0.999886965294679	8.15875797455535e-05	8.71802222010779e-06	6.05291544040691e-06	1.66771674437337e-05
AMP22_0218	Common_Shiner	2.54179862287329e-05	4.16733472556391e-05	1.23048256315511e-05	0.999909410576026	1.11944827863518e-05
AMP22_0219	Common_Shiner	0.999916947384675	4.96174344216549e-05	1.05165547329925e-05	7.50679831325416e-06	1.54124707697405e-05
AMP22_0220	Common_Shiner	0.999709275086721	7.72443370931702e-05	1.25591115540958e-05	8.34897210025108e-06	0.000192573044418484
AMP22_0221	Common_Shiner	0.464738620519638	4.66303268821059e-05	8.23582615554727e-06	0.53518417686224	2.23366287222019e-05
AMP22_0222	Common_Shiner	0.999789003272851	0.000170039192582067	9.74721150318729e-06	8.3483941844145e-06	2.28628468415213e-05
AMP22_0225	Common_Shiner	0.999930561880271	1.68673091329552e-05	8.78527400188866e-06	3.59308597297042e-05	7.85540074245809e-06
AMP22_0226	Common_Shiner	0.845231593946616	0.154739091992378	9.59819248624152e-06	7.89103978182938e-06	1.18250274048452e-05
AMP22_0227	Common_Shiner	0.999712045987447	0.000225287688832241	1.05226002544935e-05	4.13671561903047e-05	1.07767406314543e-05
AMP22_0228	River_Chub	2.16621741147768e-05	1.09531337790637e-05	1.04582494352765e-05	5.57727261573869e-06	0.999951349675655
AMP22_0231	River_Chub	0.0003344827399199	8.91835678311239e-05	1.26232067637214e-05	7.99762484928204e-06	0.999555713494619
AMP22_0232	River_Chub	0.00162603377223579	0.423450305302938	0.00199158712246611	9.61753918586977e-05	0.572835898121198
AMP22_0234	River_Chub	0.00676730617818979	0.0221513801297994	1.29811512315453e-05	3.9788775357616e-05	0.971028543551763
AMP22_0235	River_Chub	0.000211510052565895	0.984393118222554	1.17537934425698e-05	0.0153039185609668	7.96990751395244e-05
AMP22_0236	River_Chub	8.32663179689838e-05	0.0307355230702087	2.30133028381515e-05	0.0070710129570992	0.96208718474706
AMP22_0237	River_Chub	0.000135400392481571	0.00055262364275516	2.20376024344721e-05	2.03977031828629e-05	0.999269541223844
AMP22_0241	Creek_Chub	0.000215001974642985	0.993523827572664	2.69732852719428e-05	0.00354332180075532	0.00269087533802835
AMP22_0242	River_Chub	5.38772740506044e-05	0.491147595107555	1.0261780158469e-05	7.22878465788576e-06	0.508781037072341
AMP22_0243	Common_Shiner	0.988310319979986	0.00299308219262614	1.14813464106192e-05	9.16976393413443e-06	0.0086759466129976
AMP22_0244	Common_Shiner	0.990806440711021	0.00915801503533892	1.13232419715202e-05	9.16816656620609e-06	1.5052900029461e-05
AMP22_0245	Common_Shiner	0.867327802658081	0.115775998570025	1.23319234213379e-05	0.0168744317122425	9.43507077093603e-06
AMP22_0249	Common_Shiner	0.999819810728232	0.000148431005706165	1.07413797004908e-05	8.11161920701843e-06	1.29061042401198e-05
AMP22_0251	Common_Shiner	0.813536357442538	0.185934617688259	0.000103484244902607	0.000372896458424345	5.26440590817171e-05
AMP22_0253	Common_Shiner	0.922541913966338	0.0774006884619594	2.77542229303081e-05	1.26515588113138e-05	1.6992206417576e-05
AMP22_0254	Common_Shiner	0.984783017615477	0.00469619425018152	0.00663292740255808	0.003779165105701	0.000108695383051207
AMP22_0255	Common_Shiner	0.990106602052848	3.54434876381928e-05	0.00982626784763609	2.00554443494431e-05	1.16314265834209e-05
AMP22_0258	Common_Shiner	0.508132648617029	0.491833150158326	1.05245071772246e-05	5.70656323816261e-06	1.79697153627772e-05
AMP22_0259	Common_Shiner	0.997601594726245	4.76466485825573e-05	1.00205242965328e-05	0.00230525947047863	3.54787148919127e-05
AMP22_0260	Common_Shiner	0.944360819061597	0.0125196019628294	1.8397411682916e-05	0.0430857844899098	1.53971147282311e-05
AMP22_0261	Common_Shiner	0.991733370621999	0.00617982295544508	1.42797697856816e-05	0.00189089204114377	0.000181633873593972
AMP22_0264	Common_Shiner	0.999666190882524	0.000280629601342096	2.2206889358351e-05	1.2669502954588e-05	1.83038537174496e-05
AMP22_0265	Common_Shiner	0.999905092656612	5.66277503963739e-05	9.86626213327543e-06	2.04271716708961e-05	7.98670482430209e-06
AMP22_0266	Common_Shiner	0.999893560965856	6.46543715208517e-05	1.48127834925984e-05	1.52729339644286e-05	1.16996639954966e-05
AMP22_0268	Common_Shiner	0.301367620358864	8.06597971708219e-05	1.11614894375317e-05	6.50063542227823e-06	0.698534058014552
AMP22_0269	Common_Shiner	0.945501310745875	0.0508113219694545	4.63841428050944e-05	0.00363164795188156	9.33526988428942e-06
AMP22_0271	Common_Shiner	0.996373675962289	9.58357056184614e-05	1.25733559552335e-05	0.00345495373101827	6.29612627536853e-05
AMP22_0273	Hornyhead_Chub	6.92721372063108e-05	0.484200600504875	0.515668278704087	5.0478087779796e-05	1.13707508532748e-05
AMP22_0274	Creek_Chub	0.000151459046440726	0.996779073317846	1.49640152441584e-05	0.00304136796168556	1.31356468744271e-05
AMP22_0275	Creek_Chub	0.00010903907815209	0.999849410335223	2.10981877660371e-05	1.06091776698735e-05	9.8438406987275e-06
AMP22_0276	Creek_Chub	0.0466963870261485	0.953270315567652	1.22326255250128e-05	6.67600038273212e-06	1.43887292342227e-05
AMP22_0280	Hornyhead_Chub	0.000103298172583152	0.00013194376787236	1.49469850527148e-05	0.988624802370866	0.0111250088730206
AMP22_0281	Hornyhead_Chub	0.0112151654374896	8.938181598325e-05	0.951444540242354	0.0372305767703801	2.03362424897842e-05
AMP22_0282	Hornyhead_Chub	5.89784778834179e-05	0.000114033357357573	0.999697034239769	1.77406390575024e-05	0.000112213813887789
AMP22_0283	Hornyhead_Chub	0.00556211714534287	0.000328554394180214	0.983501205821832	8.75160128643132e-06	0.0105993710798988
AMP22_0284	Hornyhead_Chub	8.85679547107416e-06	2.33781722066562e-05	0.999909461001555	5.67797097666187e-06	5.2626521351991e-05
AMP22_0285	Hornyhead_Chub	0.0024026279128364	0.000395494506856182	0.995439206202825	2.20474547272476e-05	0.00174062375196666
AMP22_0287	Hornyhead_Chub	0.0026412991679807	0.00324312029678046	0.994083567917347	8.78953838470526e-06	2.3223089365512e-05
AMP22_0289	Western_Blacknose_Dace	8.2136921396e-05	0.999885816395283	9.17629139577524e-06	9.97323863650353e-06	1.2897883227555e-05
AMP22_0290	Western_Blacknose_Dace	7.14140951309352e-05	0.999850357174873	5.83926891365655e-05	8.3451231050974e-06	1.14915229034963e-05
AMP22_0291	Western_Blacknose_Dace	6.12475163241307e-05	0.999912881374359	1.00962264678723e-05	6.66902736997445e-06	9.10636601991014e-06
AMP22_0292	Western_Blacknose_Dace	3.210759845259e-05	0.9999381985267	1.13121843509683e-05	5.81119025606079e-06	1.25711659657665e-05
AMP22_0293	Central_Stoneroller	6.50267713718428e-06	0.985784289022287	0.0141425578861187	7.75589624303016e-06	5.88942622530153e-05
AMP22_0294	Central_Stoneroller	5.50034988967311e-06	0.997683558523655	0.00119371071908662	9.30741583305137e-06	0.00110792372398135
AMP22_0295	Central_Stoneroller	5.63293587853068e-06	0.996800250510375	0.00309964901233388	5.71054371691562e-06	8.87567752493346e-05
AMP22_0297	Central_Stoneroller	9.57188825571642e-06	0.999737833340963	2.15766258335373e-05	1.23689339278619e-05	0.000218649690764366
AMP22_0298	Western_Blacknose_Dace	3.28578821498406e-05	0.999936210334301	1.30614956468248e-05	8.18996358549962e-06	9.68124245116125e-06
AMP22_0302	Western_Blacknose_Dace	3.94887401934569e-05	0.999924346784751	1.15281803671742e-05	6.65250157348604e-06	1.7984697427527e-05
AMP22_0303	Central_Stoneroller	8.53758129375143e-06	0.999349895079931	8.44693117973083e-05	0.000269916917361346	0.000287181480561249
AMP22_0304	Western_Blacknose_Dace	4.2234901420139e-05	0.999917616426945	1.22403292470703e-05	1.84043518055102e-05	9.5048216133428e-06
AMP22_0305	Western_Blacknose_Dace	3.75548427253987e-05	0.999938491622607	8.33421440574825e-06	5.54710581211989e-06	1.00728412763775e-05
AMP22_0306	Western_Blacknose_Dace	7.3941818286895e-05	0.999895800252755	1.21826916217488e-05	5.81493483726423e-06	1.22608234991639e-05
AMP22_0307	Central_Stoneroller	4.0458494726238e-05	0.999929052114487	1.16112510502276e-05	7.97267057852964e-06	1.09060410569933e-05
AMP22_0309	Western_Blacknose_Dace	3.62161545519491e-05	0.999913163165251	3.47479526651021e-05	5.9542971757579e-06	9.91950559462049e-06
AMP22_0310	Central_Stoneroller	5.73466139697488e-06	0.99801549077034	0.00185288177110944	2.42357356509645e-05	0.000101657803027394
AMP22_0311	Western_Blacknose_Dace	3.3509024709388e-05	0.999938577274481	1.07643735645902e-05	7.36323276623819e-06	9.78637747355258e-06
AMP22_0313	Central_Stoneroller	7.31704380226357e-06	0.74855242305994	5.90436530378108e-05	9.15341348386054e-06	0.251372062921524
AMP22_0315	Western_Blacknose_Dace	5.21604032616289e-05	0.999874132156372	9.46322593029334e-06	6.65141154737701e-06	5.7592738688369e-05
AMP22_0317	Western_Blacknose_Dace	9.28373273266412e-05	0.999884309013685	8.65079275569306e-06	6.57188709025148e-06	7.63112184922944e-06
AMP22_0318	Common_Shiner	0.99990052262942	7.4362828917264e-05	9.36074938692166e-06	5.767883253799e-06	9.98692301032637e-06
AMP22_0319	Common_Shiner	0.999919642984867	5.56103189074002e-05	7.38908255977508e-06	5.83355425144731e-06	1.15248091954871e-05
AMP22_0321	Common_Shiner	0.999909242033958	5.66000172471558e-05	1.55155771703504e-05	6.78621223405432e-06	1.18568024138588e-05
AMP22_0322	Common_Shiner	0.0123532418235487	0.987151153584321	7.30530616611375e-05	0.000365891790862543	5.66599640655409e-05
AMP22_0324	Common_Shiner	0.999673133134842	0.000296413482304896	1.11232852937732e-05	7.3892618666233e-06	1.19413219651301e-05
AMP22_0325	Common_Shiner	0.999907908777396	5.69540786658251e-05	1.59326388368747e-05	7.57129317820988e-06	1.16339904477994e-05
AMP22_0326	Common_Shiner	0.9998796890378	5.96800908138941e-05	1.1281070553071e-05	4.82691936637059e-06	4.45233626376311e-05
AMP22_0329	Common_Shiner	0.99988415124019	8.60833059141833e-05	1.14087672687367e-05	7.69409279334291e-06	1.06631907033198e-05
AMP22_0331	Common_Shiner	0.999877005338669	9.23407102421053e-05	9.52525546125805e-06	1.06063519220185e-05	1.05231053870882e-05
AMP22_0332	Common_Shiner	0.999924711068471	4.6485679129915e-05	9.5587719744143e-06	6.45087419287405e-06	1.27945120311188e-05
AMP22_0333	Common_Shiner	0.999899568974972	7.34994777784705e-05	1.0163592415628e-05	5.70654414042848e-06	1.10621295385961e-05
AMP22_0335	Common_Shiner	0.998522993803024	0.00144636129501035	1.0481624341831e-05	6.72900720346246e-06	1.34343281951208e-05
AMP22_0337	Common_Shiner	0.999601774632931	0.00036932813849599	1.2984498372649e-05	6.70123548577303e-06	9.21218904170177e-06
AMP22_0340	Common_Shiner	0.992381763497988	0.00757179955374427	2.02820001817923e-05	1.21221993705779e-05	1.40327331750582e-05
AMP22_0341	Common_Shiner	0.999892534395059	7.26722147591466e-05	1.21022099315498e-05	7.01251200327291e-06	1.56790448246153e-05
AMP22_0342	Common_Shiner	0.999914843002955	5.728986096486e-05	1.01880715182082e-05	5.94398240099194e-06	1.17356489678987e-05
AMP22_0343	Common_Shiner	0.999901663780212	7.08350754271002e-05	1.14617475171496e-05	5.80847415969625e-06	1.02318210800905e-05
AMP22_0344	Common_Shiner	0.999523074487845	0.000442503635740023	1.16482076958077e-05	9.42545177660551e-06	1.33488053182281e-05
AMP22_0347	Common_Shiner	0.998494492133458	4.60286368417087e-05	1.32006766297466e-05	0.00143688385539814	9.39463179678274e-06
AMP22_0350	Hornyhead_Chub	1.76762273234681e-05	1.49498906989822e-05	0.999955607136091	5.25958094019257e-06	6.50778273005153e-06
AMP22_0351	Hornyhead_Chub	2.05430248002644e-05	3.63498621714852e-05	0.999904250363509	6.36938956020116e-06	3.24880792904341e-05
AMP22_0352	Hornyhead_Chub	0.0089156402110382	0.000113671937405141	0.990944438636303	8.69481950537444e-06	1.75549698586594e-05
AMP22_0353	Hornyhead_Chub	2.22608450968642e-05	7.68301818745105e-06	0.999959771931171	5.70348804589962e-06	4.58141544799932e-06
AMP22_0355	Hornyhead_Chub	1.23686362043145e-05	1.01871316422089e-05	0.99996804869175	4.07339476568441e-06	5.32280308658227e-06
AMP22_0356	Hornyhead_Chub	4.98927406700386e-05	6.66025643993202e-05	0.999854611655076	1.12100432582424e-05	1.76838434697583e-05
AMP22_0357	Creek_Chub	8.4908608756639e-05	0.999869533081849	2.41560461738417e-05	8.50816157157949e-06	1.28948858834312e-05
AMP22_0358	Hornyhead_Chub	1.75675549547825e-05	1.31986759535784e-05	0.999956924378872	5.57212254621477e-06	6.73792601960241e-06
AMP22_0359	Hornyhead_Chub	0.476906439890464	8.21336306275163e-05	0.522989436556896	6.5692039673001e-06	1.54209262636327e-05
AMP22_0360	Hornyhead_Chub	9.78743225532962e-06	8.45218531305938e-06	0.999970717787743	5.37985250830651e-06	5.6635315116934e-06
AMP22_0361	Creek_Chub	3.7699706771173e-05	0.590182189683119	8.02371593114549e-06	5.52836015489056e-06	0.409766558746497
AMP22_0363	Creek_Chub	0.000239821057142576	0.997997974296411	0.0017369958753135	9.74100880294092e-06	1.54679289733102e-05
AMP22_0366	Hornyhead_Chub	0.99166429301103	2.73590933372477e-05	1.02470899568408e-05	0.00828960513773685	8.49561212717048e-06
AMP22_0367	Hornyhead_Chub	0.0618762924609085	0.000118073894351032	0.937773642838001	0.000219104140706905	1.28869493187659e-05
AMP22_0368	Hornyhead_Chub	0.0154380136301431	2.14976390247165e-05	0.9830214189291	0.00149876186511149	2.03082654534938e-05
AMP22_0369	Hornyhead_Chub	9.74816807104021e-05	0.000449400393831214	0.997608027855555	0.00179097698091211	5.41131452974756e-05
AMP22_0370	Common_Shiner	0.853569020966689	4.20954822317686e-05	2.85737229165753e-05	0.146327750374873	3.25596667367724e-05
AMP22_0372	Common_Shiner	0.999926949739456	4.18905372347352e-05	1.22324438139939e-05	7.93842136727875e-06	1.09896657561101e-05
AMP22_0373	Striped_Shiner	0.976777286926905	0.0218161039352417	1.17648865705715e-05	0.00138085393805594	1.39904800015012e-05
AMP22_0374	Striped_Shiner	0.999932975927989	4.03854933285546e-05	9.08246231028245e-06	6.88160151050808e-06	1.06751131276784e-05
AMP22_0377	Striped_Shiner	0.999934791962306	1.99205647143911e-05	1.43327006656124e-05	9.884907580418e-06	2.10706561837203e-05
AMP22_0378	Striped_Shiner	0.999921426932017	3.28983266816554e-05	7.04482972703678e-06	6.30575058536653e-06	3.23245613744813e-05
AMP22_0379	Striped_Shiner	0.999949530919393	1.71736224125577e-05	1.69347420373283e-05	7.14018857830621e-06	9.22194483246557e-06
AMP22_0380	Striped_Shiner	0.910286739051342	6.07072094773328e-05	0.0858799143557747	0.00375808461867564	1.45547344564541e-05
AMP22_0381	Striped_Shiner	0.190371133851508	0.809515180985133	3.16379481868315e-05	3.92346618482368e-05	4.28121836226845e-05
AMP22_0383	Creek_Chub	8.46979160465157e-05	0.999872366627057	1.43741085704941e-05	7.91035230927939e-06	2.06517423777532e-05
AMP22_0384	Creek_Chub	0.000488377454344498	0.999469146887461	1.04814321981167e-05	5.38817164375549e-06	2.66067349124726e-05
AMP22_0385	Creek_Chub	5.18092535305376e-05	0.486664872596661	1.1674830300805e-05	0.00163912869504133	0.51163251431783
AMP22_0387	Creek_Chub	0.0881565725865463	0.868961278220018	1.18213841440828e-05	0.0428581514942149	1.21765510625156e-05
AMP22_0388	Creek_Chub	0.0140454489472811	0.985924195150534	9.44974578352092e-06	9.85554183283672e-06	1.10505037562613e-05
AMP22_0389	Creek_Chub	0.0225855486828114	0.967418230215708	0.000293398950263569	0.00955987437635971	0.000142947508484751
AMP22_0390	Creek_Chub	0.000230885257235349	0.999739065428575	1.42705629472169e-05	6.21992128413972e-06	9.55919429918033e-06
AMP22_0391	Creek_Chub	5.64258710249899e-05	0.999916662673155	9.52500193085388e-06	7.17931854157452e-06	1.02075712593521e-05
AMP22_0392	Creek_Chub	0.589530617594719	0.41044056425492	1.17818245519767e-05	6.17169033010463e-06	1.08648147287419e-05
AMP22_0393	Creek_Chub	0.000139669598364083	0.999824544469516	1.23287908846623e-05	7.26262097742636e-06	1.61950779243328e-05
AMP22_0394	Creek_Chub	0.00128212788412587	0.998691425085068	1.16543912547578e-05	5.75113110312758e-06	9.04230124866187e-06
AMP22_0395	Creek_Chub	0.00227709206787563	0.997686797122161	1.58423004895076e-05	7.29319230572205e-06	1.29755539774877e-05
AMP22_0396	Creek_Chub	0.000171530326483795	0.447124014596144	0.00541139340858596	0.547280824740728	1.2237236580722e-05
AMP22_0397	Creek_Chub	0.145538991495967	0.85441879928112	1.27198513472289e-05	1.6162447918887e-05	1.33275655134637e-05
AMP22_0398	Creek_Chub	0.0510275773803393	0.948943679014842	1.21070999063186e-05	6.40040027644643e-06	1.02357436982207e-05
AMP22_0400	Creek_Chub	0.000134633365237574	0.997066990673542	0.00277737496075504	8.44561868459574e-06	1.25554913531058e-05
AMP22_0401	Creek_Chub	0.683610712587833	0.312812934353948	0.00355949941790611	7.42727920824995e-06	9.42651361072475e-06
AMP22_0403	Creek_Chub	0.000550401321779349	0.99941978563865	1.30335395537283e-05	8.02547253093527e-06	8.75470086517538e-06
AMP22_0407	Creek_Chub	9.14073648204463e-05	0.999872193316619	1.35102713431588e-05	9.27247421662804e-06	1.36173211678875e-05
AMP22_0408	Longnose_Dace	1.75122999324787e-05	0.999854403217634	8.84856275009972e-06	0.000106846604476454	1.23897204547976e-05
AMP22_0410	Longnose_Dace	2.41820875092502e-05	0.999948315441608	1.07080924605969e-05	8.96241648653555e-06	7.83285527342246e-06
AMP22_0411	Longnose_Dace	0.29401970944802	0.705942105988661	1.3977772951687e-05	1.2525407761122e-05	1.16818134883002e-05
AMP22_0412	Creek_Chub	0.976954757511616	0.0229867071723565	4.24718275635055e-05	5.46090015481101e-06	1.06025750428823e-05
AMP22_0415	Longnose_Dace	2.83574983223955e-05	0.999934003353119	1.02160920035761e-05	1.59308218120374e-05	1.14925041283922e-05
AMP22_0416	Western_Blacknose_Dace	0.699965843379498	0.300005958934625	8.83304288594144e-06	8.28103493164873e-06	1.1083310409735e-05
AMP22_0418	Creek_Chub	0.00137397295238108	0.553892158587774	1.75589804865207e-05	0.00733759285563913	0.437378716250261
AMP22_0420	Creek_Chub	0.00877596231228336	0.991091247538726	9.79162307361721e-05	1.7807462875865e-05	1.70662280081797e-05
AMP22_0421	Western_Blacknose_Dace	0.000175541840278066	0.964485464493434	6.65886805576884e-05	0.0352461955534915	2.62093485507682e-05
AMP22_0422	Creek_Chub	0.000815776552274918	0.99671531154712	0.00152321713394292	0.000936577157995554	9.11746097799952e-06
AMP22_0423	Creek_Chub	6.7567667728142e-05	0.999903645118078	1.02617734933143e-05	6.59478035931412e-06	1.193135723251e-05
AMP22_0427	Creek_Chub	0.0353991522799867	0.953959419985612	2.45339884008335e-05	0.0106044190409593	1.2474382276223e-05
AMP22_0429	Western_Blacknose_Dace	0.105960222495099	0.894010043780009	9.84703978380582e-06	9.09976140941511e-06	1.07865732330803e-05
AMP22_0431	Longnose_Dace	2.17384843171015e-05	0.999908272862434	5.32058158439167e-05	8.13978707101442e-06	8.64370461016059e-06
AMP22_0432	Longnose_Dace	2.18704287973344e-05	0.999917581041654	7.77135950722651e-06	4.23747455025828e-05	1.04032562838159e-05
AMP22_0435	Longnose_Dace	0.0184131876926403	0.980604846040408	0.00039496919425981	6.86163319687821e-05	0.000518380197630483
AMP22_0436	Creek_Chub	7.97389542752931e-05	0.464091746419668	0.535810737192631	6.54878873081742e-06	1.12285574652651e-05
AMP22_0438	Western_Blacknose_Dace	0.0236103030235196	0.976288888891538	2.32532541408987e-05	6.24342597296149e-05	1.51203984853716e-05
AMP22_0439	Longnose_Dace	3.48862327417518e-05	0.999928315877914	8.34635428341025e-06	8.46841467379796e-06	1.99842348137526e-05
AMP22_0440	Creek_Chub	7.68854511675148e-06	0.993356318473816	0.00659584515735817	5.6062579341214e-06	3.45416311685958e-05
AMP22_0444	Longnose_Dace	0.956277162015438	0.0429101384384558	1.56323136945742e-05	0.000512185092738835	0.000284882281489431
AMP22_0445	Longnose_Dace	1.62371544981059e-05	0.996709594150384	8.15464823931327e-06	0.00325451573434596	1.14987063267606e-05
AMP22_0446	Creek_Chub	0.000514234699713801	0.99716030450662	3.36461441973111e-05	0.00227868243500416	1.31325613855504e-05
AMP22_0450	Creek_Chub	4.19621126931297e-05	0.999922817130883	1.48073042462799e-05	6.67111041661602e-06	1.37430989222899e-05
AMP22_0451	Common_Shiner	0.00530813841112658	0.990549155453841	7.40351743848793e-05	0.0040479115402389	2.0759624889424e-05
AMP22_0453	Common_Shiner	0.412454925010602	0.0753173729802171	8.39002415047899e-06	6.36610365467926e-06	0.512212946087122
AMP22_0454	Common_Shiner	0.959235756973426	0.0385799795741526	0.000167510016064383	0.0018999425495278	0.000116810949162981
AMP22_0455	Common_Shiner	0.999555115203063	0.00038909045664979	1.83696385251765e-05	1.31426110775592e-05	2.42829403488348e-05
AMP22_0456	Common_Shiner	0.999484586815039	0.000397347581231086	1.02397995079098e-05	9.41239101649969e-05	1.37025558922444e-05
AMP22_0458	Common_Shiner	0.537750288486481	0.0819846722607811	0.380248523553212	6.45990013895554e-06	1.00556399039744e-05
AMP22_0459	Common_Shiner	0.0841316957001885	0.915820973694324	2.30689331251681e-05	7.57046970733441e-06	1.66910353395221e-05
AMP22_0460	Common_Shiner	0.63276538981994	0.362351469685634	3.39731306662716e-05	6.28215241978369e-06	0.00484288530197227
AMP22_0461	Common_Shiner	0.999865516821543	7.57530035809739e-05	1.07308004403496e-05	2.77164928400379e-05	2.02835471410606e-05
AMP22_0462	Common_Shiner	0.491847698499759	3.08878747037824e-05	1.21488432018413e-05	0.508098313987255	1.0950212569562e-05
AMP22_0463	Common_Shiner	0.0957958804580073	0.81762597411871	9.50900045076593e-05	0.082264908293883	0.00421814737828317
AMP22_0465	Common_Shiner	0.206178564558427	0.432729165673256	1.21528804360364e-05	7.68678447939549e-05	0.361003249029319
AMP22_0468	Common_Shiner	0.999573432544867	0.00040116154113911	8.08926994859963e-06	5.79125237758585e-06	1.15260456480534e-05
AMP22_0469	Common_Shiner	0.118113919908802	0.881816278258959	3.5147921641831e-05	7.26070813932913e-06	2.7393226427602e-05
AMP22_0470	Common_Shiner	0.994886390606562	0.000127584990780542	0.000368610884621485	0.00458284735105311	3.45661354527421e-05
AMP22_0472	Common_Shiner	0.998959804415703	0.000934383274616184	8.30726063260435e-05	8.56866533585294e-06	1.41713107030352e-05
AMP22_0473	Common_Shiner	3.98984318512121e-05	2.33859937873681e-05	1.09696122154063e-05	0.999917838454247	7.90800682649048e-06
AMP22_0476	Common_Shiner	0.999858521858851	6.36867266203116e-05	4.67817843141524e-05	1.37153583123133e-05	1.72948992486044e-05
AMP22_0477	Common_Shiner	0.999825013339519	4.24083945245759e-05	9.32566633284884e-06	6.41876765858033e-06	0.000116834637608096
AMP22_0478	Common_Shiner	0.992344780166944	0.000102516333614762	0.00508559282876862	8.63859798480476e-06	0.0024584721773429
AMP22_0479	Common_Shiner	0.997503663559755	9.86154193871978e-05	3.54766045507218e-05	7.39807077514543e-06	0.00235484612721922
AMP22_0480	Common_Shiner	0.63764736165603	0.362144596407811	1.37891001229716e-05	6.58960841473187e-06	0.000187662856521192
AMP22_0481	Common_Shiner	0.999906344393889	6.54835406240656e-05	1.01519765622803e-05	6.98999085926263e-06	1.10308358274415e-05
AMP22_0482	Creek_Chub	9.49668219476424e-05	0.999876087148984	1.06986249153972e-05	5.72190873019346e-06	1.25255074522507e-05
AMP22_0483	Creek_Chub	0.000460071976362395	0.928457196931044	0.0710622086388369	7.40313627733802e-06	1.31191875560173e-05
AMP22_0484	Creek_Chub	0.000162906909098359	0.999809226850669	1.08289756268904e-05	6.18417399912587e-06	1.08536330802445e-05
AMP22_0485	Creek_Chub	5.01366363922753e-05	0.99992576187849	8.57322160508253e-06	7.71641799458485e-06	7.81274297333841e-06
AMP22_0486	Creek_Chub	0.078867045480758	0.921099899530411	1.0400310199355e-05	1.1189713512975e-05	1.14646703039998e-05
AMP22_0487	Creek_Chub	0.679752513945103	0.0542123671285808	0.266020711521308	6.27328780047287e-06	8.1342532237896e-06
AMP22_0488	Creek_Chub	0.87201447280248	0.127920517499248	5.00378390570476e-05	6.35531621430048e-06	8.61595290427382e-06
AMP22_0489	Creek_Chub	9.56081795238228e-05	0.999866188923518	1.2442250872961e-05	1.73519608304015e-05	8.40910391628767e-06
AMP22_0490	Creek_Chub	0.506431159635385	0.493535866955916	1.12063043623367e-05	7.78582086496448e-06	1.3981755175759e-05
AMP22_0491	Creek_Chub	0.203757524629434	0.796210063477357	1.08109016383884e-05	8.04109452972161e-06	1.35598528431281e-05
AMP22_0492	Creek_Chub	0.000979618157911263	0.472721459656954	0.526275726795197	1.04881624274352e-05	1.27069987579947e-05
AMP22_0493	Western_Blacknose_Dace	0.369547668298086	0.627952101826668	1.17307905389239e-05	0.00244468616695182	4.38126141294894e-05
AMP22_0494	Western_Blacknose_Dace	5.72220392000634e-05	0.999918010592461	8.32438978505289e-06	6.43059145977562e-06	1.00131849188826e-05
AMP22_0495	Longnose_Dace	2.2140456032632e-05	0.99986724058787	9.00283017296865e-05	9.33801670621102e-06	1.12533487073183e-05
AMP22_0496	Longnose_Dace	1.69216000774885e-05	0.999954781015714	9.11055220910662e-06	6.5005485342801e-06	1.26868684144986e-05
AMP22_0497	Longnose_Dace	0.619069390753905	0.371044520179431	0.0044747182475985	6.28838338906166e-06	0.00540508337181139
AMP22_0498	Longnose_Dace	0.000453318151055234	0.999489951272805	1.28977331662301e-05	7.91906615577117e-06	3.59141804863137e-05
AMP22_0501	Western_Blacknose_Dace	0.000395555596894971	0.999575671772162	8.90348244784854e-06	6.49402889667734e-06	1.33757888215203e-05
AMP22_0502	Western_Blacknose_Dace	9.47747994872684e-05	0.999841625193755	3.2192133827094e-05	7.25571782707474e-06	2.41527146729523e-05
