Mandeville_ID	Common_Name	1	2	3	4	5	6	7
AMP19_0002	Western_Blacknose_Dace	0.530596199005842	0.0698923308259497	4.16446177709603e-05	2.0128813999887e-05	0.000111899193192287	0.388023088683685	0.0113147090669178
AMP19_0003	Western_Blacknose_Dace	0.549711596399546	0.0593549099055429	2.41333261837589e-05	0.0857403945873181	0.0162448216384898	0.28889168745776	3.24572897640461e-05
AMP19_0004	Western_Blacknose_Dace	0.0269474816321553	0.8951180849274	1.04447948585297e-05	0.00288093654531479	0.0646284444953004	0.0104005705520964	1.40374587300442e-05
AMP19_0005	Western_Blacknose_Dace	3.42284733400462e-05	0.986098150690397	7.5906088080448e-06	4.58660544731309e-05	0.0137599855616378	4.10574107546451e-05	1.31208637770285e-05
AMP19_0007	Western_Blacknose_Dace	0.969479100843271	3.74692460647511e-05	5.47904727104245e-06	5.61717086679864e-06	0.0303016777137915	0.000156704591560842	1.39516265829855e-05
AMP19_0008	Western_Blacknose_Dace	0.914886567513148	0.020817314485088	4.78684469339414e-06	3.54431828374205e-05	0.0634184174338977	0.000177214413385327	0.000660255978217485
AMP19_0009	Western_Blacknose_Dace	0.000205636335744018	0.999705648918947	5.50047630511402e-06	7.3096198785073e-06	1.01000196053216e-05	5.59780319443558e-05	9.82701671059336e-06
AMP22_0004	Creek_Chub	0.868383354147275	0.00247915206153908	1.84300209731266e-05	1.13015786682165e-05	1.13539393004718e-05	0.129082528156539	1.38798936596893e-05
AMP22_0005	Western_Blacknose_Dace	0.000541181224623552	0.959505635738373	0.00556253837972569	0.00412533188790743	2.3885927649582e-05	0.0301711309910752	7.02952220602045e-05
AMP22_0007	Western_Blacknose_Dace	0.00868625282509859	0.964512195587158	5.03453428357817e-06	5.89757412157494e-06	1.53582836831775e-05	0.0267604772807099	1.4784439855649e-05
AMP22_0011	Western_Blacknose_Dace	0.00911969019157523	0.98839394813776	0.00215252255330658	9.97210771179497e-06	1.17051833460429e-05	0.000300609088211168	1.15531961026318e-05
AMP22_0013	Western_Blacknose_Dace	0.0842121305069886	0.91560906046629	1.46755381695852e-05	1.635072417239e-05	2.86811527954535e-05	9.15417102462713e-05	2.75597128699659e-05
AMP22_0014	Western_Blacknose_Dace	0.00114057144233736	0.998777900139491	4.92435425712072e-06	7.34069474885083e-06	1.00102490785064e-05	4.9686732794058e-05	9.56639402524404e-06
AMP22_0015	Western_Blacknose_Dace	0.00080974115041106	0.998603103021781	6.77533664746403e-05	6.6110827520162e-06	1.07568219743622e-05	0.000482235910127636	1.97992264284927e-05
AMP22_0017	Western_Blacknose_Dace	0.0201850951048436	0.751333507955074	2.21253042828092e-05	0.000423632799553652	0.106056139044464	0.121904494826992	7.50045046065484e-05
AMP22_0022	Creek_Chub	0.945799368758996	0.000230305207886404	0.0449448656526705	1.1454290730312e-05	2.81740689745307e-05	0.00883390830517792	0.000151923564020812
AMP22_0023	Creek_Chub	0.926344442645709	0.00347714598318246	9.66685529681618e-06	3.17737928332366e-05	0.0327252617515624	0.0287352615351168	0.00867644758953247
AMP22_0024	Creek_Chub	0.309216719895601	0.68604312847058	3.34701504037432e-05	9.81812849850643e-06	3.47203978301559e-05	0.0035250516561066	0.00113709142482177
AMP22_0028	Creek_Chub	0.772575558463732	0.0335623821096184	0.00056594550748565	0.0785175497109691	0.00711309214797802	0.107394797002276	0.000270675132243891
AMP22_0029	Creek_Chub	0.638177513142427	6.3076358446811e-05	1.79691161456405e-05	0.0130628049139244	4.529742993774e-05	0.337214682574073	0.011418656561058
AMP22_0030	Creek_Chub	0.990179012934367	0.000652691191789825	7.62214469592307e-06	1.55137671227555e-05	0.00898661462365029	0.000137549128304814	2.09967753514462e-05
AMP22_0037	Creek_Chub	0.893825005630652	0.00574125334637827	1.80910185277477e-05	4.16286323541847e-05	0.00138989084606028	0.0442359440590565	0.0547481859388451
AMP22_0038	Creek_Chub	0.99972060406208	0.000147714402444873	7.4471850051001e-06	1.03715440663575e-05	2.05488189989496e-05	7.18854454669165e-05	2.14292119317848e-05
AMP22_0044	Creek_Chub	0.914087330381076	0.000571002699969415	5.77746963614828e-06	2.51018504660762e-05	1.02078481960108e-05	0.0852914798135559	9.09979287632359e-06
AMP22_0045	Creek_Chub	0.999397449314594	0.000431562604755463	1.59498895233416e-05	1.93530280724566e-05	2.34794139769176e-05	9.60278063351091e-05	1.61779947043736e-05
AMP22_0046	Western_Blacknose_Dace	0.00874376804808481	0.99094934652249	7.31027176473865e-06	1.32401468566567e-05	0.000228570707555671	4.46219512635088e-05	1.3142433329093e-05
AMP22_0048	Creek_Chub	0.000550152037954689	0.018143500218366	3.60117786632534e-05	7.5525586739082e-05	5.16944986360097e-05	0.00109240895539921	0.980050706704458
AMP22_0051	Western_Blacknose_Dace	0.0234900641034977	0.973407432933648	1.23516405695217e-05	2.06111582151081e-05	1.22460903415619e-05	0.000448372235224375	0.00260892168101415
AMP22_0052	Western_Blacknose_Dace	0.00152646369992544	0.987389771640301	5.13755565459894e-06	1.26951116892476e-05	1.00425573486602e-05	0.0110463767558277	9.5131495337447e-06
AMP22_0053	Creek_Chub	0.891042272726695	0.0631944351606071	4.0959217202633e-05	7.04785669744756e-06	1.68970875297625e-05	0.0437739347818618	0.00192445288259581
AMP22_0054	Western_Blacknose_Dace	0.00153797242493047	0.998353025853634	6.07578022194355e-06	7.26501448852854e-06	1.03372519420973e-05	7.51582590449022e-05	1.01660544578494e-05
AMP22_0058	Creek_Chub	0.988360408643882	4.49914606152804e-05	4.45648883809177e-06	7.90016190816079e-06	1.05438474991723e-05	0.00838518149706457	0.00318651762715429
AMP22_0061	Creek_Chub	0.999735946794351	7.40214044002255e-05	9.2925932546155e-06	7.57324663276695e-06	3.92483086877377e-05	9.80996566784577e-05	3.58190298748702e-05
AMP22_0062	Western_Blacknose_Dace	0.00348141591241335	0.803823523640633	5.63906765719207e-06	1.08769858871153e-05	2.42670351098504e-05	0.192602401331067	5.18760009855708e-05
AMP22_0067	Creek_Chub	0.974933851242065	8.43223088304461e-05	1.57584166604244e-05	0.0247635648008436	2.16118129724928e-05	0.000145436142693061	3.54551108212944e-05
AMP22_0071	Creek_Chub	0.000444712112044412	0.889504621068637	0.000561206013210016	1.3002208836483e-05	2.14706220541939e-05	0.109432147845626	2.28396549049749e-05
AMP22_0072	Creek_Chub	0.953239684820175	0.00180175696323969	1.26243133666929e-05	5.13900019532795e-05	0.0388777476431181	5.72296732362781e-05	0.00595956660857579
AMP22_0075	Creek_Chub	0.995650660653909	0.00247945461032358	0.00134890940246745	3.42443646971058e-05	0.000122913982551705	0.000352382339809392	1.14345156479997e-05
AMP22_0082	Common_Shiner	0.0239195293967013	0.000154407075189767	1.12985947304228e-05	0.0172781824677562	2.21962317872742e-05	0.95800974291563	0.000604643279471203
AMP22_0084	Creek_Chub	0.951229712605476	0.00209447699699945	5.02857650175839e-06	7.65080311981145e-06	1.03384573186174e-05	0.0466378059492757	1.49867213237319e-05
AMP22_0085	Creek_Chub	0.159692559951295	6.9653213423513e-05	0.0592999949157238	0.0705537822258969	0.0012427213225949	0.700389372706413	0.00875191552615918
AMP22_0086	Hornyhead_Chub	0.00179088111344908	0.405789601882299	5.83601068058265e-05	0.000606278270190298	0.000101108953707084	0.553139260371526	0.0385145100060229
AMP22_0088	Creek_Chub	0.999689639965693	4.67205532413804e-05	5.76466142569738e-06	4.57018830762564e-05	9.36444097334768e-06	2.2931269564185e-05	0.000179877714913002
AMP22_0093	Western_Blacknose_Dace	0.785815586805344	0.20196285225451	0.00010055127714283	1.10107873865052e-05	1.03681928816894e-05	0.0117156147395525	0.000384016515516451
AMP22_0094	Western_Blacknose_Dace	0.00049277162541333	0.999292088071505	6.66578520830031e-06	2.35711313886054e-05	2.45295830792511e-05	0.000132364249896557	2.80098415758448e-05
AMP22_0095	Western_Blacknose_Dace	0.000214340676782314	0.737891739606857	0.195172009274364	2.92002562244415e-05	0.0569227992345889	0.00966110253406711	0.000108807869010601
AMP22_0096	Western_Blacknose_Dace	9.68672561879507e-05	0.98959488628308	5.89146371925613e-06	7.52704238807934e-06	0.00335966789299709	0.00691971458762448	1.54455872735839e-05
AMP22_0099	Western_Blacknose_Dace	0.000622380951806981	0.995375924050808	1.47636318562354e-05	3.3036538611954e-05	0.00384733327653627	8.11880445011395e-05	2.53737292100317e-05
AMP22_0101	Western_Blacknose_Dace	0.0324895166516389	0.967394528627396	1.38502560386164e-05	8.35241248090124e-06	1.04665018926029e-05	6.92448100995862e-05	1.40409258420837e-05
AMP22_0102	Western_Blacknose_Dace	0.00206401737479044	0.943804054896037	2.6220993319239e-05	9.8402271862282e-06	1.40486740485071e-05	0.0540637127595643	1.81053852237552e-05
AMP22_0105	Western_Blacknose_Dace	0.000906165671651198	0.999009556293488	1.11316294766662e-05	2.97515398689495e-05	1.04610266442047e-05	2.4672782854183e-05	8.26162987547604e-06
AMP22_0106	Western_Blacknose_Dace	0.000496108511532691	0.890275468170643	0.013503532273074	1.9302102065845e-05	1.10079918909321e-05	0.095684290677309	1.02902014226943e-05
AMP22_0107	Western_Blacknose_Dace	0.000739321422206558	0.807258021910985	0.13195103679349	3.4828161204102e-05	0.00591947701762547	0.0540782438348979	1.9070559356561e-05
AMP22_0108	Western_Blacknose_Dace	0.00017675907115845	0.914960226555665	0.0637352341388663	0.00607391766967097	0.0149389988002367	9.4199624176653e-05	2.06643516172107e-05
AMP22_0110	Western_Blacknose_Dace	0.559350636174281	0.436341052105029	0.00424092402262613	6.42874860790155e-06	9.85127538052137e-06	4.17261010356863e-05	9.38156225790536e-06
AMP22_0114	Western_Blacknose_Dace	0.00523740110797163	0.991478380421797	5.60422424797529e-06	0.00314676907355897	3.19093374675622e-05	8.1150557116203e-05	1.87857242723047e-05
AMP22_0116	Western_Blacknose_Dace	0.000209632699625892	0.99528715356191	0.00433019929057142	1.15164529326225e-05	1.75633802001334e-05	0.000135151314785408	8.78265716507576e-06
AMP22_0117	Western_Blacknose_Dace	0.000237914696828152	0.999550559620063	7.18548085301755e-06	1.02761022610683e-05	1.6954574918881e-05	4.34429552350702e-05	0.000133666851249465
AMP22_0118	Western_Blacknose_Dace	0.000171370267418176	0.999294881264369	0.000454164754454271	7.51465093884666e-06	1.43142773285577e-05	4.64245800696695e-05	1.13308145429041e-05
AMP22_0122	Creek_Chub	0.999887226184209	4.44742981400365e-05	4.94788835030735e-06	5.39851697288369e-06	1.29377877640176e-05	3.64028745674265e-05	8.61280751082381e-06
AMP22_0123	Creek_Chub	0.990969290733337	0.00873273855879668	0.000160197952355525	1.13845389358948e-05	1.18784562104409e-05	0.000104878982764884	9.63078415816806e-06
AMP22_0125	Creek_Chub	0.999802757283052	0.000109216606211181	5.29396590629784e-06	6.33998104038586e-06	1.21715505260007e-05	5.30005829525551e-05	1.12208496773393e-05
AMP22_0126	Creek_Chub	0.999805596371492	8.00623994117752e-05	5.37149013336822e-06	5.4858558244656e-06	7.10079008630587e-06	5.57068709170651e-05	4.06761460257391e-05
AMP22_0127	Creek_Chub	0.999856606443723	6.08190008923337e-05	5.6580308079166e-06	7.02522059436004e-06	9.00555448738866e-06	4.99046726651699e-05	1.09819947301452e-05
AMP22_0128	Creek_Chub	0.999450715025266	0.000485649008026459	4.64046890830215e-06	6.25282186841132e-06	9.00314179521157e-06	3.64012180527473e-05	7.33875059495567e-06
AMP22_0129	Creek_Chub	0.999764419615269	4.42887771123922e-05	3.23955682272477e-05	7.34418109475025e-06	1.28576005061292e-05	0.000128235126116285	1.04598097687571e-05
AMP22_0130	Creek_Chub	0.979164866606394	9.92815481452926e-05	4.44177196540561e-06	6.1466275941609e-06	8.59347016620269e-06	0.0203313495545493	0.000385320552911461
AMP22_0131	Creek_Chub	0.999732989668846	5.32910659602039e-05	5.67864859369103e-06	6.14073446613036e-06	1.04553003578405e-05	7.03786866305111e-05	0.000121066414758101
AMP22_0133	Creek_Chub	0.498835867911577	0.343227289393544	2.00206360100257e-05	4.39962236364554e-05	5.03102539603388e-05	0.157790843197455	3.16723528996004e-05
AMP22_0136	Creek_Chub	0.999867013792197	7.13519008037108e-05	5.34814007782545e-06	6.96347108728374e-06	1.2269105402929e-05	2.77075185732084e-05	9.34595954619998e-06
AMP22_0141	Creek_Chub	0.436092073718707	0.000159432230654161	7.24224412163643e-06	0.563559904336929	9.08064408369774e-06	0.000162154204941455	1.01131971898048e-05
AMP22_0142	Creek_Chub	0.999843703091145	5.5393292338254e-05	5.9203414878822e-06	6.32336972069334e-06	1.00855154992686e-05	6.74452427150596e-05	1.11292754482256e-05
AMP22_0143	Creek_Chub	0.997920250336329	0.000134643626328587	4.16590106975643e-06	4.12456855504379e-05	1.05596194465339e-05	0.0018770157491031	1.21189487440347e-05
AMP22_0144	Creek_Chub	0.999485744973024	0.000218560935698365	6.34765919137435e-06	5.21496319057888e-06	9.45078131028253e-06	0.000262701272999087	1.19805273997784e-05
AMP22_0145	Creek_Chub	0.999879534979661	3.45862330723216e-05	5.22836498733315e-06	6.14253628200837e-06	9.78762939117727e-06	5.56682933697671e-05	9.05259376606787e-06
AMP22_0146	Creek_Chub	0.999823746740818	8.23560656449321e-05	5.3066873222336e-06	6.10265076549881e-06	1.05024416504776e-05	6.06632364628364e-05	1.13231260741416e-05
AMP22_0148	Creek_Chub	0.999886872828007	5.15393436519984e-05	4.88802569758487e-06	6.19755625932288e-06	1.33318916074206e-05	2.94341168932187e-05	7.73684628150416e-06
AMP22_0149	Common_Shiner	0.000312395549975013	6.21629523460474e-05	5.59207399745638e-06	6.70293940663366e-06	1.1314519121496e-05	0.999591287950675	1.05448371765782e-05
AMP22_0150	Common_Shiner	0.0624430378588579	0.0215739860231794	1.20071409423877e-05	0.0151462923732276	7.04784826710941e-05	0.900740648249785	1.35501561366767e-05
AMP22_0152	Common_Shiner	2.03042337364041e-05	1.5965974697419e-05	5.1835163078899e-06	0.999926724950473	1.00798885965955e-05	1.49883898056e-05	6.75311796905906e-06
AMP22_0153	Common_Shiner	0.000388478624723562	3.65864523251942e-05	2.04369171346998e-05	6.62712108975253e-06	1.30113505119579e-05	0.999520382503668	1.44772944724893e-05
AMP22_0154	Common_Shiner	0.00331328872051211	4.65158934980319e-05	5.5955065060925e-06	6.41163121117276e-06	1.09129229247277e-05	0.996606388986111	1.0887085688221e-05
AMP22_0155	Rosyface_Shiner	3.74986059664196e-05	2.49240492246585e-05	4.8835196228109e-06	0.999821543137232	9.26191657424275e-06	8.53688742278888e-05	1.65203773141912e-05
AMP22_0156	Rosyface_Shiner	0.00275303165300154	0.000864707283696597	1.43212256735666e-05	0.995195903837681	1.7298440159658e-05	0.00029949702431239	0.000855240417799988
AMP22_0157	Rosyface_Shiner	2.95799960262383e-05	2.06184228018243e-05	0.0202910963660106	0.979619207441807	9.85044304217913e-06	1.40020129819883e-05	1.56454113462757e-05
AMP22_0160	Rosyface_Shiner	1.18446910331072e-05	9.81221081619988e-06	3.44011599432916e-06	0.999944727857908	5.13566955021192e-06	1.86996036172672e-05	6.34017734599334e-06
AMP22_0161	Rosyface_Shiner	0.109039383846025	0.000207771354597599	5.74832156585791e-06	0.875752892812093	2.05892825958595e-05	0.0147224108534307	0.000251203724330725
AMP22_0164	Rosyface_Shiner	4.38905466478396e-05	1.60129989401531e-05	8.56236542998383e-06	0.999895545105139	9.59966432407738e-06	1.75467302286146e-05	8.84348882421266e-06
AMP22_0165	Rosyface_Shiner	1.86029788104357e-05	1.35960343672973e-05	7.87086550325682e-06	0.99993235407273	8.80711978216293e-06	1.14752875461603e-05	7.29417138719836e-06
AMP22_0168	Rosyface_Shiner	0.21533017061154	7.77072474749415e-05	5.48491064405691e-06	0.784423784673214	9.92101691485395e-06	0.000143403567544829	9.52827956933357e-06
AMP22_0169	Rosyface_Shiner	1.1840349976068e-05	1.08858254746911e-05	5.03270059482144e-06	0.999947161297003	6.12653035059551e-06	1.17749691548576e-05	7.1793504228369e-06
AMP22_0170	Rosyface_Shiner	0.0114747871578066	0.00012574448462873	5.77056699881353e-06	0.986301672975222	2.91076599294183e-05	0.00205112233056794	1.17953821882805e-05
AMP22_0174	Rosyface_Shiner	0.0018640512229005	0.233464422593514	4.93045328411072e-06	0.764161862790585	9.50956456958988e-06	0.000477198053282935	1.80255236156894e-05
AMP22_0175	Rosyface_Shiner	2.87998870895054e-05	1.90542733913564e-05	4.98600991777123e-06	0.9999113402764	8.44458121568675e-06	2.00081232266719e-05	7.36689791148294e-06
AMP22_0177	Rosyface_Shiner	3.50032712514785e-05	2.16408952080157e-05	5.78528044826454e-06	0.996785663187504	1.05302727102862e-05	2.14005981099325e-05	0.00311997670150654
AMP22_0178	Rosyface_Shiner	3.17292739249371e-05	2.63491842946063e-05	5.39796816570444e-06	0.997163470884164	1.03696117204415e-05	2.57326006553552e-05	0.00273695042214885
AMP22_0179	Rosyface_Shiner	1.53469066291093e-05	1.09888467922468e-05	5.71575996017202e-06	0.999925858616829	7.38970509067804e-06	2.11324217370508e-05	1.35687767675027e-05
AMP22_0181	Rosyface_Shiner	2.07470677324468e-05	1.88371558996335e-05	3.74190590964215e-06	0.999925577282906	1.04873549790554e-05	1.18724867669146e-05	8.737154897578e-06
AMP22_0182	Rosyface_Shiner	2.50319311989919e-05	1.56605869600029e-05	5.33184651538578e-06	0.999899885515372	9.83268306962615e-06	1.70650422808192e-05	2.71930698263389e-05
AMP22_0187	River_Chub	1.82603114661537e-05	1.81813500838883e-05	4.49447109408618e-06	8.62705912028301e-06	0.99982338988781	1.51133364791698e-05	0.000111934044542822
AMP22_0188	River_Chub	0.496905706465244	4.64224015852034e-05	5.37506105087019e-06	5.97601632218322e-06	0.502992400497198	3.50047051752857e-05	9.11496177383018e-06
AMP22_0189	River_Chub	1.55091318071446e-05	1.21902465870164e-05	4.7206406592665e-06	5.55776498383066e-06	0.999928521513939	1.9394368741284e-05	1.41069115190278e-05
AMP22_0190	River_Chub	2.55429044370635e-05	2.07006652763885e-05	3.7242777365466e-06	8.75961404043915e-05	0.999826571325461	2.68643013250662e-05	9.00124830482704e-06
AMP22_0191	River_Chub	1.07054149375082e-05	8.23700676163746e-06	3.80849345066648e-06	3.79444775996088e-06	0.999956374327342	9.47080189867228e-06	7.6102960218916e-06
AMP22_0193	River_Chub	2.83685713259528e-05	1.59349284431001e-05	4.81118616958719e-06	5.96371491476054e-06	0.999923425018787	1.39192522819831e-05	7.57780020175903e-06
AMP22_0194	River_Chub	0.000183554265764547	0.000130316112438304	1.58122285485233e-05	0.00129496534116966	0.998300468424956	6.17544212885663e-05	1.31293730656192e-05
AMP22_0195	River_Chub	0.00604699604015203	0.000130792773334695	8.51107213506528e-06	7.36072403515995e-06	0.991327924589316	0.00246688352075102	1.15315623946501e-05
AMP22_0197	Creek_Chub	0.999800670246283	9.47863192858099e-05	2.24692243491283e-05	9.03376066725859e-06	1.39138606046606e-05	3.39557522556023e-05	2.51718016183559e-05
AMP22_0198	Common_Shiner	7.03157913660163e-05	0.00010331482595937	5.78825025926792e-06	8.22146071119542e-06	0.00146745634229589	0.998334507783254	1.03956870354802e-05
AMP22_0201	Common_Shiner	0.0150130191909631	0.0456140694788968	0.0168826421896617	0.00287707922464395	2.69386476874085e-05	0.919571369270484	1.48821408817407e-05
AMP22_0203	Common_Shiner	0.366017187635104	4.91634305263344e-05	4.72313801380705e-06	7.40332451263375e-06	1.25009135233361e-05	0.633901228030523	7.7933889219401e-06
AMP22_0204	Common_Shiner	0.000170508096073092	3.56871345164819e-05	9.65070717633698e-06	6.96974219968426e-06	3.21955914975786e-05	0.999735658228397	9.33125484075037e-06
AMP22_0205	Common_Shiner	0.00229032663544599	7.98524132850796e-05	4.48572367094979e-06	0.000305973165292115	2.04488366970023e-05	0.997288203001022	1.07102779185305e-05
AMP22_0206	Common_Shiner	0.000580508397015015	7.18438123359971e-05	5.52620539830439e-06	9.18701721271835e-06	8.99700748514066e-06	0.999312973598639	1.0964421459174e-05
AMP22_0208	Common_Shiner	0.167190507022664	0.0152931717459833	3.24508330588194e-05	7.0511312432958e-05	7.70502005865628e-05	0.801309307058652	0.0160270011512718
AMP22_0210	Common_Shiner	0.00125167953012141	3.93446754658495e-05	4.95422477906037e-06	5.84186606624417e-06	1.37333760096351e-05	0.998671729902426	1.27163443964142e-05
AMP22_0211	Common_Shiner	0.0940838191428532	0.000426426098373245	5.36798136378456e-05	0.0153388116254161	3.35047951271324e-05	0.890026520133019	3.72386954395565e-05
AMP22_0212	Common_Shiner	0.0024261283940795	0.000104789419633534	0.000176365765637704	1.08776645455816e-05	0.000115260818162389	0.997155288298925	1.12893103786137e-05
AMP22_0214	Common_Shiner	0.000376178174062595	0.000230357493773819	0.00049565586225687	5.94323202307374e-06	9.27573953857874e-06	0.998870905021826	1.16843375230061e-05
AMP22_0215	Common_Shiner	0.00162891396482806	0.000125462267888232	3.56966193673722e-05	7.91304817735491e-06	9.75508164491546e-06	0.998181799868743	1.04599346876572e-05
AMP22_0217	Common_Shiner	0.000302616167326949	7.27122157303177e-05	5.01945066808372e-06	6.87076074320967e-06	9.7568087755479e-06	0.99959581297636	7.21264358193724e-06
AMP22_0218	Common_Shiner	2.5165773017773e-05	1.97420657774178e-05	3.95928016185724e-06	0.999904055635134	9.28535907902729e-06	2.89524972037132e-05	8.83980295260305e-06
AMP22_0219	Common_Shiner	0.000974498682535349	0.000124441917728034	3.48397980041274e-06	5.40380447211425e-06	9.89322351720332e-06	0.998871982932091	1.02960523969375e-05
AMP22_0220	Common_Shiner	0.000389378792739487	0.000164000487651347	8.76736572616314e-06	9.40142699634553e-06	0.000272713040131905	0.999139999628067	1.57394002279898e-05
AMP22_0221	Common_Shiner	9.92344790611024e-05	2.85798037381194e-05	7.71096032366681e-06	0.536260020295779	1.55613568391104e-05	0.463577111611764	1.17812538626123e-05
AMP22_0222	Common_Shiner	0.000226140217401454	5.04203398318193e-05	4.87555209223466e-06	7.06754574728368e-06	1.92114635457097e-05	0.999683064083258	9.22180581407088e-06
AMP22_0225	Common_Shiner	3.69570774245294e-05	2.24998020675685e-05	5.08387502366591e-06	2.33198747182229e-05	6.85549066106041e-06	0.999897511442502	7.77328450153204e-06
AMP22_0226	Common_Shiner	0.323998116716743	4.30574733002385e-05	4.67090742206163e-06	7.01445466050559e-06	1.14317062001979e-05	0.675928128222624	7.58048929651198e-06
AMP22_0227	Common_Shiner	0.00174321122223935	0.000212701640969604	4.58848087713705e-06	4.38048856787233e-05	2.56040904513466e-05	0.997955734213193	1.43561488719305e-05
AMP22_0228	River_Chub	1.41378483208623e-05	1.42330108692865e-05	3.87631180527975e-06	5.49710438147587e-06	0.999927668412526	2.43409779242321e-05	1.02464484159292e-05
AMP22_0231	River_Chub	0.000343060456378051	7.86992624369101e-05	6.90329283701187e-06	7.85856363775011e-06	0.999339243094126	0.000215640093169779	8.59609786253017e-06
AMP22_0232	River_Chub	0.00467360486926736	0.403115094512701	0.0021886925853051	6.82642484127006e-05	0.586479168713093	0.00141924400619959	0.00205593144883511
AMP22_0234	River_Chub	0.0334441664734234	7.83423679554694e-05	4.97807123134976e-06	2.75334947745747e-05	0.966365175843239	6.94969173126169e-05	1.03077430052104e-05
AMP22_0235	River_Chub	0.00012249499768162	0.98231549680233	5.555041593649e-06	0.0157579631125554	6.16865599693723e-05	0.00172483097593161	1.19728475193624e-05
AMP22_0236	River_Chub	0.0336614380823448	6.70846997631656e-05	1.25020457145689e-05	0.00635070480359718	0.959810248295466	7.93093340139862e-05	1.87124650897835e-05
AMP22_0237	River_Chub	9.12622579599521e-05	0.00125940943183925	6.90649653158221e-06	1.98095003105013e-05	0.998517803231875	9.32433600606385e-05	1.15659254535553e-05
AMP22_0241	Creek_Chub	0.016219105488936	0.97728751005729	2.97814238664293e-05	0.00415551159891281	0.00206011192135323	0.00023175590080427	1.62237980747937e-05
AMP22_0242	River_Chub	0.000206632728385011	0.479532557030519	5.00203619462484e-06	5.66364334033682e-06	0.520200894922018	4.11686529138453e-05	8.08140926763285e-06
AMP22_0243	Common_Shiner	0.028736195010851	0.000212721115700107	6.01357725655147e-06	6.4839491712093e-06	0.00883157891958642	0.962195181528727	1.1825381772976e-05
AMP22_0244	Common_Shiner	0.120103630303095	2.60382332585842e-05	6.16862300896638e-06	6.04175090470817e-06	1.30954530978112e-05	0.879833713670572	1.13119306216888e-05
AMP22_0245	Common_Shiner	0.2506555185467	6.75162788254269e-05	6.20352295073857e-06	0.0164065780757616	9.20858403804094e-06	0.732844972471396	1.00023804237696e-05
AMP22_0249	Common_Shiner	0.000283243240255446	0.00232511338072469	6.33639282217271e-06	9.06861431478222e-06	9.17413044850935e-06	0.997355127076308	1.19379560230856e-05
AMP22_0251	Common_Shiner	0.207538304165006	0.0596286079796652	1.85392468105086e-05	0.000443187058086872	3.50685310323305e-05	0.732308877130349	2.7415928219512e-05
AMP22_0253	Common_Shiner	0.000384520697178855	0.000236016662990971	0.00707817077528064	1.64838663795461e-05	1.34864351778187e-05	0.992255621194839	1.57007149090204e-05
AMP22_0254	Common_Shiner	0.0211251546134657	0.000514771195637711	3.03676851482729e-05	0.00446554908104005	5.8038894509378e-05	0.965166040658951	0.00864007794412707
AMP22_0255	Common_Shiner	0.000524105141825714	5.0644309846982e-05	4.94163062339222e-06	1.70680028960714e-05	8.1141731822449e-06	0.989268336435159	0.010126789980568
AMP22_0258	Common_Shiner	0.666501705646515	5.46307642950358e-05	4.49362896113726e-06	7.97795615025982e-06	1.38988523040872e-05	0.33340828059117	9.01259107328755e-06
AMP22_0259	Common_Shiner	0.000147424417303418	7.78737938877205e-05	7.93500011465553e-06	0.00231297446795603	3.13151395100707e-05	0.997412443319956	1.00338243778918e-05
AMP22_0260	Common_Shiner	0.11590647920842	4.70462320807829e-05	8.70853166246936e-06	0.0422314951941371	1.93737152548447e-05	0.841771614332994	1.52829567835223e-05
AMP22_0261	Common_Shiner	0.137804034774502	8.61419682830596e-05	6.05928811124049e-06	0.00190877079320369	0.000233115922756626	0.859950998564561	1.08789140074701e-05
AMP22_0264	Common_Shiner	0.0227287906163937	0.000136557939429804	5.18379123579562e-06	2.15253024534719e-05	1.51462905248297e-05	0.977066108842691	2.66869335649173e-05
AMP22_0265	Common_Shiner	0.000301570216246947	4.18537648378066e-05	4.97348612838352e-06	1.99705361481676e-05	1.00146123056364e-05	0.999610793133577	1.08249526377229e-05
AMP22_0266	Common_Shiner	0.00409011839720766	4.50360682596054e-05	5.13371253423828e-06	1.27885418490459e-05	1.21333991006154e-05	0.995823195040226	1.15955727425861e-05
AMP22_0268	Common_Shiner	0.0361148244484151	6.15007482577216e-05	5.54954759172877e-06	5.93753210394533e-06	0.695386368413766	0.26841360198458	1.22178806793996e-05
AMP22_0269	Common_Shiner	0.0357835214052043	0.035413568380444	5.21486305117543e-06	0.003599165490421	1.44837947102362e-05	0.925165570934613	1.84756073799376e-05
AMP22_0271	Common_Shiner	0.00138539851526732	0.000104120662506193	6.81768494752502e-06	0.00336531655868748	6.39217990677093e-05	0.995061001181602	1.34232708349086e-05
AMP22_0273	Hornyhead_Chub	0.507857138186693	2.31293027406006e-05	4.83377227780399e-06	3.77023583458913e-05	1.36129842448884e-05	4.46761341264377e-05	0.492018907199303
AMP22_0274	Creek_Chub	0.996989969710509	9.96535420526086e-05	6.62661294897758e-06	0.00283632934580479	1.14015604684288e-05	4.56594751991945e-05	1.0359892892169e-05
AMP22_0275	Creek_Chub	0.997566030402978	0.00233139095199508	6.77559745644687e-06	7.5593221887252e-06	1.2902683114361e-05	6.17452329280706e-05	1.35959958296228e-05
AMP22_0276	Creek_Chub	0.986017641305924	3.4997341750736e-05	5.07518163506837e-06	8.12104821820834e-06	7.87734999756388e-06	0.0139125034171339	1.37846159422671e-05
AMP22_0280	Hornyhead_Chub	0.000333033375128358	0.00011910150955863	6.43370043225996e-06	0.988634086529414	0.0108403853368945	4.94826509524018e-05	1.74769267092502e-05
AMP22_0281	Hornyhead_Chub	9.99074563104796e-05	0.000127859626454688	4.14581332910129e-06	0.0370019423303505	2.05007872885437e-05	0.0115441758150992	0.951201468249162
AMP22_0282	Hornyhead_Chub	0.000257874362325832	8.31272382218511e-05	1.21196467107152e-05	2.31662923784803e-05	0.000198567534403008	4.92598400652825e-05	0.999375885645548
AMP22_0283	Hornyhead_Chub	0.000203256541370951	0.000741945368369964	5.99315286575931e-06	6.5577668663813e-06	0.0105325419875638	0.00497231535796814	0.983537389775117
AMP22_0284	Hornyhead_Chub	2.1672966738337e-05	1.05730472307004e-05	5.79725902632615e-06	5.58045105973576e-06	3.32209745108855e-05	1.70029637279034e-05	0.999906153539816
AMP22_0285	Hornyhead_Chub	0.000161965935190303	0.000213579561896245	7.1283603140987e-06	2.04854131147339e-05	0.00209262717482071	0.00199153768203613	0.995512675642967
AMP22_0287	Hornyhead_Chub	0.00329010873512872	0.0003805003963749	0.0002220888397889	8.17510872120091e-06	2.81088674888119e-05	0.0019559116286127	0.9941151064833
AMP22_0289	Western_Blacknose_Dace	0.000343449378852647	0.999564602752527	4.50332212494079e-06	5.55603280217793e-06	1.13555218413763e-05	6.13297325336844e-05	9.20331907906146e-06
AMP22_0290	Western_Blacknose_Dace	0.000423492824830119	0.999379926621914	4.94400328428404e-06	1.49312544617886e-05	9.29190797549049e-06	8.97117329937264e-05	7.77024066220793e-05
AMP22_0291	Western_Blacknose_Dace	0.000143750162665851	0.999735213498274	6.09305088395575e-06	7.3104358308057e-06	1.03297557616127e-05	8.70131771983405e-05	1.02903017478811e-05
AMP22_0292	Western_Blacknose_Dace	0.000164327526350146	0.999764706015587	5.3000366197917e-06	6.50113199724409e-06	1.00143133840952e-05	3.77765894137983e-05	1.13751556269125e-05
AMP22_0293	Central_Stoneroller	5.57999321617028e-05	2.6253508644453e-05	0.987808219850063	7.52951551898788e-06	1.12353119077026e-05	2.71330440064773e-05	0.0120638290204418
AMP22_0294	Central_Stoneroller	2.77038065085242e-05	1.27836602949276e-05	0.999923448383808	5.62919676015822e-06	7.45688214546766e-06	1.53846585177916e-05	7.59366215377003e-06
AMP22_0295	Central_Stoneroller	1.58693275426758e-05	1.05334983402177e-05	0.999940711200237	4.49664579187474e-06	6.45937512571921e-06	1.32931603374618e-05	8.63774611920837e-06
AMP22_0297	Central_Stoneroller	0.477123713592688	3.70608461282714e-05	0.5227333342731	5.07411629886341e-06	2.03176521945377e-05	7.19798684390892e-05	8.51998945463786e-06
AMP22_0298	Western_Blacknose_Dace	0.000647765307379139	0.999281931698322	5.34507510113289e-06	6.45677773076722e-06	9.86641257777337e-06	3.50320102280526e-05	1.36033596545926e-05
AMP22_0302	Western_Blacknose_Dace	0.000346418302696401	0.999316153546174	0.000226593292575715	6.09358802987959e-06	1.0215575791769e-05	8.31708682234101e-05	1.13550593047127e-05
AMP22_0303	Central_Stoneroller	0.143773418222864	0.000178115362816959	0.855911841233571	1.57076276883e-05	2.0438236288346e-05	8.22986736466343e-05	1.81802302973059e-05
AMP22_0304	Western_Blacknose_Dace	0.000102521707185899	0.998147595922152	0.00164695420674961	2.45726099243579e-05	8.58216732344468e-06	6.02904617447486e-05	9.48270984644101e-06
AMP22_0305	Western_Blacknose_Dace	0.000122900615868023	0.999780111670494	1.17690147764659e-05	7.8518564485088e-06	8.52803728003546e-06	5.74677156314404e-05	1.13718576957449e-05
AMP22_0306	Western_Blacknose_Dace	0.000167408892365382	0.99977402027448	5.35905797460123e-06	7.50825049472126e-06	8.00363430491176e-06	2.76161440833001e-05	1.00842724433701e-05
AMP22_0307	Central_Stoneroller	0.000829710047633778	0.999113394021988	6.20981895103596e-06	6.83316301237229e-06	8.45064088754511e-06	2.51435371826223e-05	1.02594242699749e-05
AMP22_0309	Western_Blacknose_Dace	0.000127508020594477	0.999731962819894	5.11203956501239e-06	7.19090528262964e-06	1.21886117616464e-05	9.39516315816298e-05	2.20866241062256e-05
AMP22_0310	Central_Stoneroller	1.24295711675192e-05	8.75997525089969e-06	0.99994926160574	7.69506719929947e-06	5.15425759370733e-06	1.03972567441795e-05	6.30297031658954e-06
AMP22_0311	Western_Blacknose_Dace	0.000212219705054312	0.99970101839304	5.04723057880253e-06	6.80939600208326e-06	8.81230604091873e-06	5.47457224572815e-05	1.13480422748605e-05
AMP22_0313	Central_Stoneroller	1.63992376362835e-05	1.32072855238148e-05	0.589314076125622	4.94680990314864e-06	0.410618312756221	1.98213486803374e-05	1.32368294423131e-05
AMP22_0315	Western_Blacknose_Dace	8.28929770726693e-05	0.999807123303413	5.75481668461411e-06	6.83664066004618e-06	5.70169826792616e-05	2.88640824427385e-05	1.15114952324121e-05
AMP22_0317	Western_Blacknose_Dace	6.91513035220941e-05	0.999671522200108	0.000126121263958311	5.90411239665026e-06	1.17065750795601e-05	0.000103807995081054	1.17859377836013e-05
AMP22_0318	Common_Shiner	0.000443346299301681	4.35841907684854e-05	5.43146857593681e-06	9.0998691898008e-06	1.20215672854168e-05	0.99947620900472	1.03087660509556e-05
AMP22_0319	Common_Shiner	0.000243502227469634	4.35087470194987e-05	6.11424854977021e-06	6.26187378543084e-06	8.87141326992062e-06	0.999679031014442	1.27108963771683e-05
AMP22_0321	Common_Shiner	0.000330436714605344	2.75503879286029e-05	4.80475650538297e-06	7.02317725223008e-06	9.13430782611735e-06	0.999608611424764	1.2440055807469e-05
AMP22_0322	Common_Shiner	0.034822487520137	0.922580800394217	1.23532796727445e-05	0.000280583279198631	2.41837546416666e-05	0.0422170600546908	6.25321364397954e-05
AMP22_0324	Common_Shiner	0.00127096768594487	2.53935038778991e-05	7.86333891184403e-06	4.70893373297066e-06	1.07952140243999e-05	0.998670897642771	9.37434872880354e-06
AMP22_0325	Common_Shiner	0.000540930911510408	5.32957760858632e-05	5.78481545173052e-06	8.53167593120232e-06	1.08172444890851e-05	0.999367164115111	1.34762405331405e-05
AMP22_0326	Common_Shiner	8.56996350843628e-05	5.076481457796e-05	4.96435423368256e-06	6.38263540160299e-06	4.36389968731493e-05	0.999800919810931	7.63034294590201e-06
AMP22_0329	Common_Shiner	8.62249801238878e-05	3.23898778677298e-05	2.00767402378519e-05	7.57425609335895e-06	7.92153754306811e-06	0.999836174289385	9.63880129194007e-06
AMP22_0331	Common_Shiner	0.000197173499385531	2.35326054464542e-05	1.40138046409269e-05	1.64066443716301e-05	1.21758303576812e-05	0.999725646058718	1.10519246466711e-05
AMP22_0332	Common_Shiner	0.00228760472250035	6.97360520559394e-05	4.72810375875221e-06	4.76395789640811e-06	1.08778475129808e-05	0.997612645427386	9.64496074328752e-06
AMP22_0333	Common_Shiner	0.000308564973296439	2.89410203949865e-05	4.40947739573015e-06	5.50463354519882e-06	1.1408711108276e-05	0.999630391438802	1.07805280640507e-05
AMP22_0335	Common_Shiner	0.0159220831337479	0.00292697831642711	1.10063336828256e-05	5.77118382718428e-06	1.41656365238561e-05	0.981108942826589	1.10527009810892e-05
AMP22_0337	Common_Shiner	0.000148549341152723	0.000369585263726377	3.80280683019015e-06	6.07915491993064e-06	1.16416750025544e-05	0.999451857149601	8.48540877453815e-06
AMP22_0340	Common_Shiner	0.000435697208299147	8.81791469329621e-05	0.0015495608821389	1.04478194304826e-05	1.29892025566087e-05	0.997890435218811	1.2689990493992e-05
AMP22_0341	Common_Shiner	0.000217391048095304	5.59114059228143e-05	5.31791303022877e-06	5.54785321627735e-06	1.31702959852864e-05	0.999690684477488	1.19775243178273e-05
AMP22_0342	Common_Shiner	0.00213012741175745	4.22056828461552e-05	4.36177962785691e-06	4.97565468559395e-06	9.47108563040666e-06	0.9977975786527	1.12805881054885e-05
AMP22_0343	Common_Shiner	9.17546500038271e-05	3.90482957359779e-05	4.32460908884256e-06	7.81737621353067e-06	1.00891702276431e-05	0.999835950553417	1.10162053693984e-05
AMP22_0344	Common_Shiner	0.055954820174103	5.38136476839891e-05	5.87953473936971e-06	1.05968269889657e-05	1.05032966504857e-05	0.943950967212518	1.34193841913224e-05
AMP22_0347	Common_Shiner	0.000304192907981268	6.2101093731585e-05	4.78759144339421e-06	0.00139946185553343	1.19095737907786e-05	0.998209630131721	7.91657749114437e-06
AMP22_0350	Hornyhead_Chub	1.49923453164006e-05	9.95542097182566e-06	3.18879586257075e-06	3.96483175788436e-06	6.90302312701742e-06	1.21798509557871e-05	0.999948815921942
AMP22_0351	Hornyhead_Chub	2.45974360126488e-05	1.60064143411369e-05	0.00308992764167488	4.21916129895797e-06	1.69131900563169e-05	1.13405749751104e-05	0.996836995363235
AMP22_0352	Hornyhead_Chub	0.000906387947990208	8.96944967194747e-05	6.09156006372035e-06	9.02244906513988e-06	2.26284150126468e-05	0.0081576025990651	0.990808572649956
AMP22_0353	Hornyhead_Chub	1.18215542078651e-05	8.62806117711358e-06	3.26863333866662e-06	5.38369490593412e-06	6.56993142048048e-06	1.47720494695858e-05	0.999949556688468
AMP22_0355	Hornyhead_Chub	8.85577082826444e-06	1.32568117376258e-05	3.24861403184885e-06	3.214016695707e-06	7.04492007354461e-06	1.0608573065908e-05	0.999953771511714
AMP22_0356	Hornyhead_Chub	6.41616060002723e-05	4.6605857821412e-05	6.25416578254908e-06	1.31895946144491e-05	1.58006267553559e-05	3.08044484976313e-05	0.999823184072971
AMP22_0357	Creek_Chub	0.99985844318072	5.40170092289457e-05	5.07386427756824e-06	5.66867587694518e-06	1.01339685135242e-05	4.56279255484952e-05	2.1035516057408e-05
AMP22_0358	Hornyhead_Chub	2.13860709712599e-05	1.31313398193737e-05	4.24381692463552e-06	5.88246779624572e-06	1.34779896847627e-05	1.58145397876047e-05	0.999926064332326
AMP22_0359	Hornyhead_Chub	8.92504863159853e-05	8.89583614920471e-05	7.19809475992594e-06	5.59313417455555e-06	1.47107371421028e-05	0.475168439149857	0.524625850399335
AMP22_0360	Hornyhead_Chub	1.09018912152386e-05	8.39702643005492e-06	4.16020397278632e-06	4.9550381628243e-06	5.77758565401583e-06	1.23468600615584e-05	0.999953461984793
AMP22_0361	Creek_Chub	0.000153017541854601	0.579492575128873	6.28819315166855e-06	8.39053679978465e-06	0.420275136291981	5.40434266847632e-05	1.05492373850833e-05
AMP22_0363	Creek_Chub	0.998073756277561	7.93898720772306e-05	5.21702374885762e-06	8.07099050079413e-06	8.81387118385206e-06	0.000123536056507427	0.00170121559464434
AMP22_0366	Hornyhead_Chub	4.07925759929789e-05	1.30775553284549e-05	5.19823862406136e-06	0.00850556438354154	7.27241152956817e-06	0.991420178592205	7.91621047658605e-06
AMP22_0367	Hornyhead_Chub	0.000313091312571198	0.000109413609901424	8.705570271462e-06	0.000305702728157581	1.53120409490088e-05	0.0606424938713511	0.938605280776819
AMP22_0368	Hornyhead_Chub	5.97052149108854e-05	4.47172244885342e-05	6.93753357803885e-06	0.00152226880388328	1.1041510683769e-05	0.0152526225067365	0.983102707505226
AMP22_0369	Hornyhead_Chub	0.000656184044980421	0.000186368805518826	1.55485829816374e-05	0.00166629208595857	1.84518132423704e-05	0.000183304553751324	0.997273849904537
AMP22_0370	Common_Shiner	0.000309256666281228	6.11047739061083e-05	1.517894899634e-05	0.149137779332697	1.60519237253297e-05	0.850436676402887	2.39521235920366e-05
AMP22_0372	Common_Shiner	8.49715422782453e-05	3.87768233526575e-05	4.99462645956571e-06	7.36828107861691e-06	8.49071712861841e-06	0.999846594810486	8.80387048418726e-06
AMP22_0373	Striped_Shiner	0.0363907888106381	0.000212004699479533	6.75820142372333e-06	0.00159912070105728	1.15391758874753e-05	0.961770240942637	9.54742806508177e-06
AMP22_0374	Striped_Shiner	5.06630646308277e-05	3.03761971155885e-05	1.3215463909281e-05	6.12560796502083e-06	8.35849972131164e-06	0.999883377234141	7.88495148187166e-06
AMP22_0377	Striped_Shiner	3.64258574548897e-05	2.19907386881303e-05	4.57178605034297e-06	7.28340371451828e-06	1.90569992149757e-05	0.999897680044174	1.29918718569868e-05
AMP22_0378	Striped_Shiner	2.45201987174648e-05	3.14380863700047e-05	4.47342943053367e-06	6.80181175982979e-06	2.73609643624738e-05	0.999896114428838	9.29138269587785e-06
AMP22_0379	Striped_Shiner	2.26123664813454e-05	2.48734662888875e-05	3.37879704784994e-06	6.24427763404384e-06	9.01951836881877e-06	0.999913087765376	2.07843559095765e-05
AMP22_0380	Striped_Shiner	4.66718189871562e-05	5.964794152103e-05	5.23679895289571e-05	0.00362705246144712	1.60904767806266e-05	0.908349071522554	0.0878490975424647
AMP22_0381	Striped_Shiner	0.00105096175004771	0.766030399004618	6.10087206909274e-05	3.82780305759912e-05	0.00014076430074873	0.232602695614099	7.58924785388716e-05
AMP22_0383	Creek_Chub	0.99982595817248	3.70905708427501e-05	3.59849294800257e-06	7.20520169617463e-06	2.40626731642809e-05	9.50660236687834e-05	7.01945589216181e-06
AMP22_0384	Creek_Chub	0.737555860698223	0.261333984603484	0.000755079641907979	6.35470917838272e-06	2.62166735157502e-05	0.00031085808183391	1.16452870908378e-05
AMP22_0385	Creek_Chub	0.512355881541967	3.485342662106e-05	5.06425938531126e-06	0.00158833170281837	0.485961077104012	4.18144162555182e-05	1.29772442853695e-05
AMP22_0387	Creek_Chub	0.923992532253265	3.75904277998216e-05	4.67217197062652e-06	0.0414086688229193	8.0304424320162e-06	0.0345367843843997	1.17215878099765e-05
AMP22_0388	Creek_Chub	0.980104346950849	0.0155039020667318	4.55071943972713e-06	9.82988654950226e-06	8.01052527882339e-06	0.0043589525983153	1.0406882623303e-05
AMP22_0389	Creek_Chub	0.704256034314632	0.267911321933071	2.00251844303704e-05	0.00989621025432522	0.000125742411382507	0.0175114833489254	0.000279182649273478
