Mandeville_ID	Common_Name	1	2	3	4	5	6	7	8	9	10	11
AMP19_0002	Western_Blacknose_Dace	7.15049461271637e-05	3.63741370251555e-05	0.514199799696604	0.011082667586316	3.73210294734928e-05	0.000123785344344441	0.360600816001495	0.000132791209614666	4.59962773065829e-05	0.0279589963865777	0.0857099473706136
AMP19_0003	Western_Blacknose_Dace	1.92888453523275e-05	0.0879110402638714	0.530936000853777	3.93987522044684e-05	6.94562134536397e-05	0.0162566547864117	0.273692388370633	3.74491139034577e-05	5.58543220437542e-05	0.0171427794256791	0.0738396889381111
AMP19_0004	Western_Blacknose_Dace	3.58328866331101e-06	0.00298908160002126	0.00652987795511118	1.05109575931695e-05	1.93568288243448e-05	0.0632226606955131	0.00536085331044051	6.63218618155458e-05	2.43906706024216e-05	0.000367555344145874	0.921405807892481
AMP19_0005	Western_Blacknose_Dace	3.32415202773757e-06	5.65466675218579e-06	0.0473292419264714	1.34268032587743e-05	0.93544426103433	0.0164477687279383	0.000155633171482368	1.50583635805003e-05	2.44442110605733e-05	1.42547166025756e-05	0.000546932378631142
AMP19_0007	Western_Blacknose_Dace	4.68506118197826e-06	3.47712653427387e-06	0.96960292639335	7.36074159018365e-06	1.44057099965733e-05	0.0301037242387732	4.55151039275587e-05	9.45222069464698e-06	4.37401273123133e-05	0.000105530992741145	5.91826907785932e-05
AMP19_0008	Western_Blacknose_Dace	3.73099492927662e-06	7.50342968245634e-06	0.90913903037707	2.67765185034734e-05	2.06705440090302e-05	0.0623076757229865	4.33554003619791e-05	0.00595089522009948	4.82795236443206e-05	8.79309173013025e-06	0.0224432898107916
AMP19_0009	Western_Blacknose_Dace	3.34916612501176e-06	4.98901113558749e-06	3.21728764230182e-05	6.78399606209314e-06	1.13925756167187e-05	4.80444802538288e-06	2.54860156206995e-05	7.10061396632923e-06	2.41356527215463e-05	9.69580776277722e-06	0.999870089848836
AMP22_0004	Creek_Chub	1.21235895227782e-05	5.91931181094745e-06	0.838568832695484	6.28495435729538e-06	1.41615983126757e-05	8.007622993521e-06	0.156333735490839	2.61003198812832e-05	2.89470480986579e-05	2.62164561498987e-05	0.00496967071373566
AMP22_0005	Western_Blacknose_Dace	0.00547636915801559	0.00408376887613364	0.000138641904516059	7.7916960731714e-05	1.03973267384755e-05	8.51087020981744e-06	0.0295975988789772	2.67262964235441e-05	0.000112006686953386	1.32420495702217e-05	0.960454821209113
AMP22_0007	Western_Blacknose_Dace	3.63088757352132e-06	4.11871347587102e-06	0.00151664592436622	7.74176090510073e-06	7.25225571973234e-06	8.47092301840234e-06	0.0265667337734873	2.63450550539428e-05	3.83544641835662e-05	9.79505280656042e-06	0.971810911556085
AMP22_0011	Western_Blacknose_Dace	0.00213538996875771	9.18992302674514e-06	0.000263031923302046	9.24904598027508e-06	1.29693726000141e-05	8.74394930263579e-06	0.000161720638107892	1.41952022478841e-05	4.21866996251386e-05	1.12233447365576e-05	0.997332099715869
AMP22_0013	Western_Blacknose_Dace	4.43130020804239e-06	7.38423227304098e-06	0.0295930674757637	1.54059545298714e-05	2.5814005688568e-05	9.77320501027448e-06	5.26690463890363e-05	3.51196319428697e-05	0.000362717230280529	2.65364446714218e-05	0.96986708154281
AMP22_0014	Western_Blacknose_Dace	3.30985412944898e-06	4.32259430067715e-06	0.000301152061802823	7.04107356955967e-06	1.09740945435968e-05	4.32211553481065e-06	7.79436571861724e-05	6.54376996176355e-06	2.71395113080421e-05	8.32984667221166e-06	0.999548921664556
AMP22_0015	Western_Blacknose_Dace	5.3555520614939e-05	4.60701992487225e-06	9.17233935333377e-05	6.49116116009804e-06	3.1122133880823e-05	6.30854666165812e-06	0.00012503930306609	4.51469909165193e-05	3.283986670011e-05	8.88832584622921e-05	0.999514282941818
AMP22_0017	Western_Blacknose_Dace	1.07179112872989e-05	0.000203031517672224	0.000269707209360982	1.75879014039563e-05	6.73182603148453e-05	0.103663004080455	0.12275424727425	0.000926670490024332	0.000748872005852989	0.00234888356774251	0.768989959875743
AMP22_0022	Creek_Chub	0.0454333684543769	5.84339328637312e-06	0.941628991544247	0.000124961555887322	1.13085999370945e-05	8.51758318161597e-06	0.0123504309781713	4.59231557695817e-05	6.69572974924127e-05	1.84979856371432e-05	0.000305199502648146
AMP22_0023	Creek_Chub	9.06478920980759e-06	2.68200414479513e-05	0.918896333873272	0.00805337097138787	1.85264005792982e-05	0.0324286319321642	0.032345733307302	4.11262484158889e-05	4.58690988585512e-05	1.68017715550737e-05	0.00811772148406746
AMP22_0024	Creek_Chub	3.48313858781154e-05	6.08072420091972e-06	0.243212389836709	0.000988949759831419	0.00966630350546135	1.55039531456334e-05	0.00379239519618423	9.59107435264328e-05	3.96518023996382e-05	1.01033637888463e-05	0.742137879610062
AMP22_0028	Creek_Chub	4.33259641580008e-06	1.71485327740672e-05	0.455013365805149	6.02137101263835e-06	2.30230514835693e-05	7.10732945313807e-06	0.000112232261506986	1.40819960305346e-05	0.544495321671168	1.68184307289385e-05	0.000290546977864585
AMP22_0029	Creek_Chub	1.59394032303231e-05	0.0127360724452883	0.589204561442137	0.0116154283849367	1.78384972090544e-05	1.88622394157167e-05	0.385419272055229	9.60141245110824e-05	0.000349823122940774	0.000294433078524159	0.00023175479513088
AMP22_0030	Creek_Chub	4.65887670742488e-06	6.34097103164475e-06	0.989335134367148	1.56354393882735e-05	9.59772059799666e-06	0.00912694056867622	0.000142792761791861	1.55460749838521e-05	5.1033546004602e-05	7.57867336156075e-06	0.00128474089729235
AMP22_0037	Creek_Chub	1.7286982138306e-05	2.15715198693017e-05	0.881100048720837	0.0516579649293174	3.39535144378029e-05	0.000804471356169613	0.0566657979193454	0.000258107454516097	1.38451670389627e-05	2.24943871259322e-05	0.00940445778101133
AMP22_0038	Creek_Chub	4.57078428290719e-06	1.17231978080959e-05	0.999750304679076	7.71926985160459e-06	1.53084936505748e-05	1.36252323934302e-05	4.27522099475794e-05	2.17887848803585e-05	3.40950934861789e-05	1.7161625499191e-05	8.09509589826797e-05
AMP22_0044	Creek_Chub	3.06633275276002e-06	1.83514413392311e-05	0.894118005851905	6.57505185888269e-06	1.55039543326344e-05	7.29146547659748e-06	0.105152059509108	2.58476144865876e-05	5.75786881623521e-05	1.83288386703768e-05	0.000577391439295104
AMP22_0045	Creek_Chub	7.60799844365366e-06	1.2087641307544e-05	0.999287187496821	1.69479843012304e-05	2.06202932954722e-05	1.02353598950189e-05	1.53041051052843e-05	2.34068104421498e-05	2.55975138653629e-05	4.20170617710222e-05	0.000538988039569842
AMP22_0046	Western_Blacknose_Dace	4.36214948338002e-06	7.85299722661457e-06	8.34373445197241e-05	7.19764159355482e-06	3.50090569625746e-05	0.000160723504417185	3.81052025844275e-05	1.92593938067258e-05	0.000328439800131207	1.11916361986023e-05	0.999304421544075
AMP22_0048	Creek_Chub	8.15999087298471e-05	4.86767034791019e-05	0.000227503062884537	0.977700151602427	4.34989878455051e-05	3.88452644619255e-05	0.000278196055956762	5.81463729330047e-05	0.000121786848201007	6.11949336446646e-05	0.0213404007160885
AMP22_0051	Western_Blacknose_Dace	1.33521135932498e-05	1.16667164408367e-05	0.00068163391306693	0.00246226410072347	2.54590260336434e-05	1.77501492474892e-05	2.56007265003419e-05	1.31167000350875e-05	9.21047241770741e-05	7.33051648385336e-05	0.996583747406801
AMP22_0052	Western_Blacknose_Dace	2.96401908534177e-06	6.75424158847837e-06	8.75404626029925e-05	7.10035457790468e-06	1.08087476387398e-05	7.17727431786886e-06	8.00916122042513e-05	9.99218852097728e-06	9.75446432049012e-05	0.0052056729576143	0.994484353979429
AMP22_0053	Creek_Chub	1.7108670985291e-05	5.34507055682069e-06	0.865317418297132	0.00180395704793608	1.20673021577039e-05	9.73500600156296e-06	0.050010465360557	7.34476364683915e-05	2.59871794405542e-05	2.72538999245393e-05	0.0826972146344682
AMP22_0054	Western_Blacknose_Dace	3.96779056854062e-06	3.94901210817333e-06	7.2580430789404e-05	6.0693453353383e-06	1.71079917510477e-05	8.3059305340289e-06	2.61504299254241e-05	4.5390056799294e-06	1.6547734229977e-05	6.63423497324438e-06	0.999834149022897
AMP22_0058	Creek_Chub	3.18751265374597e-06	3.98179418758197e-06	0.984223184684912	0.00337162245619887	1.0640913385361e-05	8.65236534081365e-06	0.0122954886484658	9.25234431002739e-06	2.43874193272627e-05	1.79893969802457e-05	3.16129410567993e-05
AMP22_0061	Creek_Chub	5.80257929215368e-06	4.96289072348483e-06	0.999695194820563	4.86554386320017e-05	1.53507796841314e-05	1.67370518297143e-05	4.82427073118178e-05	9.08774288979739e-06	6.90104890773105e-05	9.41995388570692e-06	7.75360805831935e-05
AMP22_0062	Western_Blacknose_Dace	8.4047976059206e-06	5.73202968342523e-06	5.71815782642044e-05	3.71261116118564e-05	1.40440680344389e-05	2.34983898433253e-05	0.185782496829828	4.12001810505744e-05	5.50685762438839e-05	0.00112559042925284	0.812849656720956
AMP22_0067	Creek_Chub	1.16967403343356e-05	0.0255695206426705	0.973570190727711	1.09760684919305e-05	2.39366083711335e-05	1.60131017385069e-05	5.52100566768487e-05	2.84872626822872e-05	0.000285023664058584	4.15900833459952e-05	0.000387355165199356
AMP22_0071	Creek_Chub	0.000526878494282782	1.11973726690331e-05	2.92632346517796e-05	4.99352827008117e-05	4.32140934772943e-05	1.56768369300267e-05	0.107368076786399	9.5179210963367e-05	4.40775523806589e-05	0.000213710460231807	0.89160279071331
AMP22_0072	Creek_Chub	9.10554985539697e-06	4.82858176227347e-05	0.952358644286792	0.00590973430173472	1.30255217853908e-05	0.0392324035776158	5.68424565910201e-05	0.000189842015929417	2.99472323503454e-05	4.20168230826638e-05	0.0021101527147008
AMP22_0075	Creek_Chub	0.000296207630943921	1.01863315693904e-05	0.995437973936399	1.36763845164991e-05	1.59515826262114e-05	2.09163167087527e-05	2.73231679990215e-05	0.00395691696502744	5.36668834844493e-05	1.41449113772413e-05	0.00015303610902461
AMP22_0082	Common_Shiner	8.99698029554466e-06	0.0173711042053377	0.00388276631662097	0.000788673634855299	1.72169680203155e-05	1.70025846935738e-05	0.975865369995435	0.000877055928594591	0.000112629978578384	0.000386953312135521	0.000672230078386945
AMP22_0084	Creek_Chub	4.09001732018652e-06	4.44515817093046e-06	0.944172430793444	9.19997612928466e-06	3.02268738003871e-05	6.73003658864111e-06	0.0522641567625105	7.68831367387203e-05	0.0001926228958767	0.00141902566009242	0.00182018824524995
AMP22_0085	Creek_Chub	0.0587998357862234	0.0702771581746638	0.133020275712013	0.00495130905170804	7.31744818994772e-05	0.000384887216419833	0.697462222099304	0.00768378069229684	0.000368764763091959	0.0269345325639006	4.4059750994325e-05
AMP22_0086	Hornyhead_Chub	2.16837338141373e-05	0.000204461672620652	0.00818034887810442	0.0460928632253781	0.000381118611615384	3.09975425353253e-05	3.02196267918246e-05	0.000276064602843492	0.00708669235883598	0.382614447434743	0.555081102649371
AMP22_0088	Creek_Chub	2.81606828268808e-06	3.7896632557474e-05	0.999626257797082	0.00013925465257983	1.38417916061945e-05	6.70791577154594e-06	4.46809431775288e-05	4.99563171242334e-05	2.2588550823161e-05	9.27386453944952e-06	4.6725322450677e-05
AMP22_0093	Western_Blacknose_Dace	5.37066082494537e-05	6.7938506109147e-06	0.739251657207807	0.000204807061800039	1.35549751102656e-05	7.75697425441038e-06	5.67858940927006e-05	7.43061951464979e-05	2.60368989655146e-05	0.00555076402725535	0.254753830576936
AMP22_0094	Western_Blacknose_Dace	6.67929037635574e-06	8.75817518044206e-06	0.000193198534367713	1.26735380015189e-05	2.76574075422333e-05	1.70082333873268e-05	4.80861785364946e-05	1.77127749110513e-05	3.69003814017517e-05	6.88085173500646e-05	0.999562518437703
AMP22_0095	Western_Blacknose_Dace	0.192277128179868	2.4976150231478e-05	6.03636814314972e-05	5.00011490305354e-05	1.60597035550484e-05	0.0566467591846983	0.00831528284002935	0.00050955971480476	0.000306140499013233	5.44202592067718e-05	0.741739308436712
AMP22_0096	Western_Blacknose_Dace	2.85765191728335e-06	5.22548517203257e-06	0.000212111724299874	1.41337535628864e-05	1.02419292423124e-05	0.00342911471573946	0.00925801523938255	9.86115156536789e-06	2.14589351633794e-05	3.09709206025888e-05	0.987006008644899
AMP22_0099	Western_Blacknose_Dace	7.71450956352023e-06	9.67223748724219e-06	4.24528024329416e-05	5.93741566869984e-05	1.45509543162573e-05	0.00441720703145994	2.12869435178735e-05	2.17043252364789e-05	0.000203419869412419	1.38296663194878e-05	0.995188787420591
AMP22_0101	Western_Blacknose_Dace	1.57112606568055e-05	6.02385838560415e-06	0.0198432073530694	7.66704590305223e-06	1.23903442207538e-05	7.53251494260431e-06	3.00907445499473e-05	1.58193625250126e-05	3.07156325020799e-05	1.33117700607856e-05	0.980017530202866
AMP22_0102	Western_Blacknose_Dace	3.28870680512644e-05	7.12736472999212e-06	0.000247491393161735	1.21257459448578e-05	4.31874305707889e-05	8.41825571255357e-06	0.0542577248935898	3.38523754371813e-05	3.08491911985329e-05	0.000357816319484835	0.944968520522118
AMP22_0105	Western_Blacknose_Dace	1.21163296527312e-05	4.55619774726455e-05	0.00104731148968908	1.0689220122556e-05	1.62076264360781e-05	1.31238723479551e-05	9.30562258291651e-05	4.0653212419568e-05	4.41346540159588e-05	2.47784977803732e-05	0.998652366797129
AMP22_0106	Western_Blacknose_Dace	0.0133793359509048	1.50275456929665e-05	8.31528277139033e-05	8.58867654859707e-06	0.000173496837167286	7.27026443136978e-06	0.0167083840114547	2.62715398591148e-05	2.94751828965401e-05	0.0310347617777685	0.938534234921138
AMP22_0107	Western_Blacknose_Dace	0.131540031798184	2.67582827927016e-05	2.74360764764904e-05	1.1209529781127e-05	1.60149000490391e-05	0.00593142135746893	0.000107407943143439	5.79624603352004e-05	6.0556817772725e-05	0.0187246358011228	0.843496564348539
AMP22_0108	Western_Blacknose_Dace	0.0630039581830303	0.00618094883370213	0.000253581637709646	1.51181354022033e-05	6.68456526486594e-05	0.0150936275242517	3.14302786438573e-05	3.05168670367308e-05	5.34372693097186e-05	2.03382306382529e-05	0.915250197728475
AMP22_0110	Western_Blacknose_Dace	0.00422281148536907	4.67707115060428e-06	0.483938149899244	6.51419140444709e-06	4.15534109458467e-05	6.09518461859332e-06	4.4033026565313e-05	2.97112828487237e-05	1.42558762769463e-05	1.14430062234628e-05	0.511680755923192
AMP22_0114	Western_Blacknose_Dace	3.39972702981145e-06	0.00293153976540392	8.27673712715397e-05	1.30299754292487e-05	9.72999780463401e-06	8.67162433778625e-06	5.83300270365225e-05	1.09525831279297e-05	1.87291088200984e-05	1.59697906296111e-05	0.996846879899502
AMP22_0116	Western_Blacknose_Dace	0.00424905440416963	5.06648040213708e-06	8.49655021753008e-05	1.0880717796099e-05	4.82265423434147e-05	7.79091949975599e-06	0.000207379832106806	1.71086459926613e-05	3.40283519093241e-05	3.74562104536722e-05	0.995298042297363
AMP22_0117	Western_Blacknose_Dace	3.63183940266374e-06	4.30175534224588e-06	0.000374385785677249	0.000129336571423532	1.204195618105e-05	9.35721457309866e-06	4.3458975429624e-05	1.19975431855305e-05	1.72157399018786e-05	8.78265606213833e-06	0.999385490298271
AMP22_0118	Western_Blacknose_Dace	0.000556022196994584	5.22421180673998e-06	0.000103796726281667	6.07705110966005e-06	1.87790966089495e-05	4.64831506093915e-06	3.98621326635569e-05	3.25961158215921e-05	3.17103185883032e-05	1.49182259981285e-05	0.999186365286509
AMP22_0122	Creek_Chub	2.39324042251171e-06	4.39236910837156e-06	0.999845760464668	6.57929063514499e-06	1.80910074223652e-05	8.274708623605e-06	4.79050325408874e-05	5.61877414380283e-06	2.41627900430769e-05	1.21507925456538e-05	2.4671905991728e-05
AMP22_0123	Creek_Chub	0.000129536598458005	5.51685931460811e-06	0.994081014494101	1.21537914019797e-05	7.1320884599174e-05	7.79904416703593e-06	4.01079221103047e-05	0.000143605184166765	1.54700374416539e-05	1.40039589285461e-05	0.00547947094397355
AMP22_0125	Creek_Chub	3.17646380645782e-06	4.72532254874864e-06	0.999693079968293	6.62280101040697e-06	1.13994352445746e-05	6.80315892494363e-06	8.74296132576556e-05	1.04663134605045e-05	2.71323184862125e-05	9.01092269099242e-06	0.000140154473496347
AMP22_0126	Creek_Chub	2.66220001008713e-06	4.77305641293578e-06	0.999817576646805	4.5340123174453e-05	1.49790013140706e-05	9.29049287755531e-06	2.96817860736289e-05	9.85352140833695e-06	1.68609804297469e-05	1.52478221888999e-05	3.37344986411426e-05
AMP22_0127	Creek_Chub	6.00860692370083e-06	3.56506019450054e-06	0.999819102545579	5.87765081635005e-06	4.71489564036579e-05	9.42370213461113e-06	4.22728591960055e-05	6.51300687669181e-06	2.13307352989497e-05	8.86497921168626e-06	2.98924800641191e-05
AMP22_0128	Creek_Chub	3.82220263314462e-06	4.58670700284319e-06	0.999249772687753	6.15043322428585e-06	1.14366332160838e-05	7.39301544076131e-06	2.56015856581399e-05	1.09352066748022e-05	2.34828309266952e-05	8.12954903848376e-06	0.00064869026720235
AMP22_0129	Creek_Chub	2.62174385306699e-05	5.13494425088783e-06	0.999801324387391	8.3529825524229e-06	1.74118359116513e-05	6.58418433864523e-06	3.52113681243909e-05	1.83448278194154e-05	2.26320740144775e-05	1.68202723869932e-05	4.19659803595917e-05
AMP22_0130	Creek_Chub	3.43617002800749e-06	3.54357560743893e-06	0.973909971813361	0.000272832018941109	8.60765853959777e-06	1.14100882517248e-05	0.0257083589525428	2.53660304980315e-05	2.16654518790757e-05	1.00073449684122e-05	2.48007701123023e-05
AMP22_0131	Creek_Chub	2.99409858463694e-06	5.36345326031362e-06	0.999742717723052	7.54238872865602e-05	1.35446582490385e-05	8.16432688882601e-06	7.13599952466699e-05	1.34805814619097e-05	1.71755903100658e-05	6.30257176422608e-06	4.34736329675204e-05
AMP22_0133	Creek_Chub	1.49815480290292e-05	1.45150133099793e-05	0.429704501907031	1.64415465505859e-05	3.23926685606026e-05	1.29638740386925e-05	0.165761695069571	3.84881442828051e-05	4.28981430268286e-05	4.66650767092136e-05	0.40431445701917
AMP22_0136	Creek_Chub	2.23629538776316e-06	3.10658316429631e-06	0.99987806981802	5.37967287000014e-06	1.31817973461626e-05	4.24713242229757e-06	2.96276135875904e-05	4.21743424462634e-06	2.34035366931692e-05	1.09694552244097e-05	2.55606975981246e-05
AMP22_0141	Creek_Chub	4.44454003933252e-06	0.564908725778262	0.434701667606831	7.36651576251744e-06	1.21171289449516e-05	6.89996854227911e-06	4.29370683098083e-05	2.08389607094422e-05	4.15239002418223e-05	1.44868754334521e-05	0.000238992179924081
AMP22_0142	Creek_Chub	3.51994789506413e-06	4.77358485376857e-06	0.999856388986111	6.18795771653682e-06	9.27773690438732e-06	1.02706421663996e-05	3.92367698059059e-05	6.53349389596329e-06	2.33607055722101e-05	6.90605609731046e-06	3.35450805108306e-05
AMP22_0143	Creek_Chub	2.85671992624149e-06	2.35238438156542e-05	0.998771569430828	4.67895531515853e-06	4.10043685408405e-05	5.53707485997838e-06	0.000893794111334782	2.48170395515917e-05	1.81497273994962e-05	0.000147523794147024	6.65458552368387e-05
AMP22_0144	Creek_Chub	3.26739204483212e-06	4.49568557945491e-06	0.999439709305763	7.86704919606683e-06	8.8283379265141e-06	8.75344532244985e-06	2.59277220535964e-05	1.5359514767974e-05	1.35140093390543e-05	0.000107934147098534	0.000364343812897146
AMP22_0145	Creek_Chub	3.0627336635422e-06	3.78078273265086e-06	0.999885021070639	5.34520175030753e-06	9.90288633228928e-06	7.14633650912977e-06	2.15182217496692e-05	5.92312211314108e-06	1.79729209675021e-05	6.77163446047381e-06	3.35553412834713e-05
AMP22_0146	Creek_Chub	2.55230573822815e-06	4.64899939830623e-06	0.999730262100697	6.51257339551199e-06	8.94659895340146e-05	7.57086979016056e-06	3.20807433914098e-05	8.20441566895218e-06	2.1515619022854e-05	9.9661989920602e-06	8.72205770479098e-05
AMP22_0148	Creek_Chub	3.3972149802952e-06	5.26543490676646e-06	0.999862775564194	5.61340368857615e-06	8.26247547107173e-06	4.70060802487634e-06	2.46033626180146e-05	5.55041621978201e-06	1.3787378874845e-05	8.19037760674685e-06	5.78543966492522e-05
AMP22_0149	Common_Shiner	3.71783096812587e-06	4.49350339837932e-06	5.06379803893159e-05	5.77884325109341e-06	1.11968579384028e-05	7.48963564371017e-06	0.998560936470826	1.62065049211237e-05	1.65218255573496e-05	0.00127657179008812	4.64485812624934e-05
AMP22_0150	Common_Shiner	8.17642637459566e-06	0.0153916353577127	0.00180118399513837	1.8329708148402e-05	1.89534737929261e-05	0.000104621652469116	0.954242277244727	1.98534787660351e-05	0.000102114429916471	1.56626581266846e-05	0.0282771914672727
AMP22_0152	Common_Shiner	2.97610685080093e-06	0.999928658306599	7.81935175534964e-06	3.9735360011618e-06	7.5830343171117e-06	8.79222020150969e-06	9.76241555005158e-06	5.10093790279736e-06	9.49501383357533e-06	6.40743850939733e-06	9.43229276062335e-06
AMP22_0153	Common_Shiner	2.28843029206932e-05	9.07368349278379e-06	0.000373089234179653	7.79443486289603e-06	9.53627957934419e-06	3.9514634565666e-06	0.99908424470822	2.61596714858205e-05	2.20662950563011e-05	0.000413416703702532	2.77842405800896e-05
AMP22_0154	Common_Shiner	3.30731358157241e-06	5.14107974912817e-06	0.000133238435955318	5.74844382306911e-06	6.73586230258219e-06	8.4505181538162e-06	0.996863208711147	5.16677038691687e-06	1.43408312588007e-05	0.0029182443847874	3.6417180735479e-05
AMP22_0155	Rosyface_Shiner	3.71344302985307e-06	0.999819368680318	1.9065702954245e-05	1.19741103385337e-05	1.38630069773155e-05	6.24091697137347e-06	6.03147709635091e-05	9.84488381178439e-06	1.80003331400279e-05	2.28184791544285e-05	1.47961281450255e-05
AMP22_0156	Rosyface_Shiner	7.21893568352565e-06	0.996077859203021	0.00191902980400617	0.000954203682550807	3.09364890168093e-05	1.31117461184048e-05	0.000364590014823571	3.1340345932255e-05	0.000410130496301513	3.63453649972388e-05	0.000155233653095726
AMP22_0157	Rosyface_Shiner	0.0206976853329688	0.979201484680176	1.27945679575281e-05	6.72267887674888e-06	1.3160179583122e-05	6.84090445066273e-06	1.04908544073492e-05	8.26359811770078e-06	2.12822206888151e-05	5.32823605793581e-06	1.59460570626762e-05
AMP22_0160	Rosyface_Shiner	3.25138743960258e-06	0.999917238513629	9.51759702054497e-06	5.95775514128159e-06	4.14899503776233e-06	4.7040991564331e-06	9.0840141383333e-06	6.73532060078538e-06	2.92295340435493e-05	4.39635081201932e-06	5.73695363709912e-06
AMP22_0161	Rosyface_Shiner	4.24472841772985e-06	0.874839996496836	0.099446199465543	0.000277096727669238	1.66254608736985e-05	1.01964517601638e-05	0.0161693014551437	1.61241397446144e-05	0.00914886884486205	2.4369962301794e-05	4.69766010711704e-05
AMP22_0164	Rosyface_Shiner	4.94930768704187e-06	0.999890097856522	2.85091669273847e-05	7.86317886111626e-06	9.28784457581393e-06	5.31221944532596e-06	1.59266889818366e-05	5.24471280410423e-06	1.06082467251462e-05	9.96252421331942e-06	1.22387899105656e-05
AMP22_0165	Rosyface_Shiner	6.93911949119152e-06	0.999920576115449	9.62494385185931e-06	3.96242066875181e-06	4.38181425029717e-06	4.53398368163618e-06	1.19248950681568e-05	7.03119477799419e-06	1.76273843745936e-05	4.33084233098285e-06	9.06801728533183e-06
AMP22_0168	Rosyface_Shiner	4.0350466701662e-06	0.784759417752425	0.214970407043894	9.94516986103151e-06	1.36701003109176e-05	7.51929736084368e-06	9.35896074096769e-05	1.36899292400651e-05	4.28518564874519e-05	1.57653271327375e-05	6.91086814790462e-05
AMP22_0169	Rosyface_Shiner	2.57884531774278e-06	0.999944774985313	9.46239929385582e-06	3.77061982066567e-06	4.41006945908068e-06	4.99691800673988e-06	5.94662801293699e-06	4.00520201464403e-06	6.47210945754386e-06	5.88942125646392e-06	7.69319380016535e-06
AMP22_0170	Rosyface_Shiner	4.29445238801915e-06	0.987125047405561	0.00769153059897449	8.95199652175324e-06	1.4119522360984e-05	2.12728009087765e-05	0.00390548860489683	1.7302912064213e-05	4.85978823587857e-05	9.84991415711682e-06	0.00115354388826953
AMP22_0174	Rosyface_Shiner	3.58964195070111e-06	0.759258798162142	0.000114098944754324	1.27945979834522e-05	3.58196218983336e-05	9.61084902316877e-06	0.000165168827101896	2.1362084257509e-05	6.55381093346949e-05	2.70855897451584e-05	0.240286133711537
AMP22_0175	Rosyface_Shiner	4.71317986150082e-06	0.999904044310252	1.63131889111363e-05	5.3886005822686e-06	6.85688653166992e-06	5.67753611067122e-06	1.22090253463713e-05	7.78719303457065e-06	1.08417057959881e-05	6.03814549874064e-06	2.01303471868571e-05
AMP22_0177	Rosyface_Shiner	3.41838457217873e-06	0.996674432237943	1.77541201132393e-05	0.00323105887757122	5.56061737176045e-06	7.2505165562332e-06	1.22099801935245e-05	8.41869770560496e-06	1.66031578821837e-05	9.33978415213629e-06	1.39538335723561e-05
AMP22_0178	Rosyface_Shiner	3.58929912306767e-06	0.996718751211961	1.43359425360538e-05	0.00316928190332934	8.12490917068769e-06	9.82571140739927e-06	1.55663483944873e-05	1.02412381684591e-05	3.04139492665178e-05	8.69687796772591e-06	1.1172141210416e-05
AMP22_0179	Rosyface_Shiner	2.54318305950522e-06	0.999875081241131	8.49148258644094e-06	1.29029167318676e-05	8.91428302118117e-06	4.33678996589627e-06	1.15569005976566e-05	6.38870311396072e-06	5.03474207709486e-05	7.83378271741434e-06	1.16039697777026e-05
AMP22_0181	Rosyface_Shiner	3.24617037061077e-06	0.999897914747397	1.16278105638128e-05	6.86841520425229e-06	7.94279713745598e-06	6.95039304127678e-06	1.36167277476215e-05	7.68481382835264e-06	1.67365930650359e-05	1.81365020304614e-05	9.27547628605401e-06
AMP22_0182	Rosyface_Shiner	2.75819304043092e-06	0.999923419773579	1.07339400376659e-05	1.07080060685452e-05	4.48834425471128e-06	4.8954631497244e-06	1.20896110979376e-05	3.91067881337245e-06	9.59449260280625e-06	6.78943138032237e-06	1.06121488379981e-05
AMP22_0187	River_Chub	3.33937092894537e-06	5.19198744575345e-06	1.19097354509057e-05	9.51047512255761e-05	7.85668167055519e-06	0.999832395255566	1.08733956538745e-05	7.62201301531336e-06	8.23642123695474e-06	9.05563208990134e-06	8.41552269021797e-06
AMP22_0188	River_Chub	3.93851538936377e-06	3.39276683287829e-06	0.495297854930162	1.05026105918124e-05	1.06552835580684e-05	0.504563510258992	2.54457505783598e-05	4.62597438836915e-06	3.30021185978092e-05	6.80988129134606e-06	4.0261788451177e-05
AMP22_0189	River_Chub	3.2822163114919e-06	3.38258658981315e-06	1.46178734899868e-05	6.12164654600872e-06	8.66351884880808e-06	0.999927056709925	1.37022741086086e-05	3.65740092666214e-06	6.0988012978333e-06	6.7663665044522e-06	6.65088842463366e-06
AMP22_0190	River_Chub	2.87972591215126e-06	9.73578487423849e-05	2.55444704484362e-05	7.10759341188463e-06	1.02913856729032e-05	0.999801894863447	1.00857774083237e-05	8.12878569497183e-06	1.44259308507534e-05	1.08852368964931e-05	1.13989873384526e-05
AMP22_0191	River_Chub	2.07649922135183e-06	2.70419427694146e-06	7.56031845477114e-06	3.73828752436869e-06	4.32464620258405e-06	0.99995219407479	6.67234231444438e-06	2.51782526330709e-06	6.42116041287972e-06	4.56637442276398e-06	7.224691027291e-06
AMP22_0193	River_Chub	3.26388512929702e-06	5.01869432721266e-06	1.56752987434566e-05	5.63061160900958e-06	5.06123113513404e-06	0.999923675715923	1.08922571002681e-05	5.966461091978e-06	9.15540603392927e-06	6.36041255306082e-06	9.30024871004163e-06
AMP22_0194	River_Chub	1.28834644918302e-05	0.000651299392037551	9.41411235036084e-05	1.31030080970482e-05	1.35713630967027e-05	0.998774843076865	5.40069662938007e-05	4.25814414874566e-05	0.000203921742461756	1.44278465091418e-05	0.000125220485070683
AMP22_0195	River_Chub	5.00024658045222e-06	6.81111268431916e-06	0.00035411436727861	7.28844320569617e-06	7.84287875157448e-06	0.99367106817166	4.79835534255504e-05	1.90597400753507e-05	0.00466051551028649	0.000936133815180844	0.000284182175689433
AMP22_0197	Creek_Chub	2.13055703183265e-05	9.37693803671306e-06	0.999817347407341	1.79607427246075e-05	9.24061973613372e-06	4.63015600024971e-06	2.78997842693413e-05	1.97719968897262e-05	2.50951331749157e-05	1.24242436614253e-05	3.4947994853108e-05
AMP22_0198	Common_Shiner	3.05531116043786e-06	4.86616225208997e-06	5.33430385808871e-05	6.69146916247109e-06	1.24916822284936e-05	0.00127918612224817	0.982277247150739	1.21150972726433e-05	2.83683223757313e-05	0.0161998716141097	0.000122763681804095
AMP22_0201	Common_Shiner	0.0167081503591811	0.0027619955152855	0.000463051338282873	9.51157425297227e-06	2.11126733615704e-05	2.12282265908336e-05	0.926025121907393	6.50741706187608e-05	0.000107171049849546	7.04036700185159e-05	0.0537471793076644
AMP22_0203	Common_Shiner	3.46894075333603e-06	5.29012393267156e-06	0.306080489943425	7.30466542844148e-06	6.25620029106631e-06	6.20065011329461e-06	0.693719824135304	1.05134534425316e-05	2.29457051032563e-05	9.20612870491569e-05	4.56447922534504e-05
AMP22_0204	Common_Shiner	9.62869355793674e-06	4.57340417515088e-06	2.88192695533801e-05	1.35092194752919e-05	1.1000836619474e-05	1.81424744593223e-05	0.999841465830803	1.57531069046121e-05	1.13114064079181e-05	1.49636207381317e-05	3.08330096085716e-05
AMP22_0205	Common_Shiner	3.84186084661805e-06	0.000247085240851208	0.000272319149278055	8.10115094289395e-06	8.74513518511393e-06	1.5817627479707e-05	0.998603331625462	0.00028671578514035	0.000511636085349053	1.81211789548007e-05	2.42858244255977e-05
AMP22_0206	Common_Shiner	3.47887015172125e-06	3.79513930614171e-06	0.000143757292800951	7.01592763035515e-06	1.01538806862007e-05	4.27335770558799e-06	0.999626519997915	7.62582479593534e-06	1.20660034704733e-05	0.00012369024847235	5.76236250745141e-05
AMP22_0208	Common_Shiner	0.000102117395227387	0.000234189019962807	0.057601230447126	0.0151430855634001	0.000151766260042878	2.11464801801762e-05	0.88768872598807	0.000652881820687348	0.000489181761322868	0.00695313912564727	0.0309625362896865
AMP22_0210	Common_Shiner	2.7828709412216e-06	2.60654446089578e-06	3.4131899140925e-05	7.60881597996608e-06	9.48880011477383e-06	6.52760020736941e-06	0.995315499166648	5.57708939738341e-06	5.78099573279409e-05	0.00453190904771331	2.60579314316122e-05
AMP22_0211	Common_Shiner	9.74967195900692e-05	0.0156702453604278	0.0671895427675918	1.69164405235918e-05	1.34677246781149e-05	7.31994579025438e-05	0.896678557197253	0.000166243553448347	0.000521848865346946	0.0194353385653036	0.000137143317991294
AMP22_0212	Common_Shiner	0.000123411764844659	1.15536577947912e-05	0.0010317355258059	8.93347281232604e-06	3.55219985141859e-05	0.000105431107605753	0.997957197050254	0.000262383807040282	0.000186251995491111	0.000236692020305663	4.08879028414858e-05
AMP22_0214	Common_Shiner	0.000557416061177725	4.43104297337326e-06	6.51234888417835e-05	6.62343364919431e-06	1.14412152219726e-05	6.23516063373897e-06	0.991235616246859	7.27612321099121e-05	2.71594503644851e-05	0.00795588670523527	5.73060503753008e-05
AMP22_0215	Common_Shiner	2.41531490797042e-05	6.12305618800502e-06	0.000265615817534649	8.96621118390543e-06	4.93175367530261e-05	7.24436321375979e-06	0.999402977744738	1.90979521040694e-05	2.9479540706203e-05	0.000122075970889372	6.49486359963741e-05
AMP22_0217	Common_Shiner	3.57243949346859e-06	3.63618172050685e-06	5.01785958985908e-05	6.23391264757007e-06	1.35298177273168e-05	8.59748641029934e-06	0.999838081459204	1.3930186496082e-05	1.78231916706872e-05	1.67104431222737e-05	2.77068281263749e-05
AMP22_0218	Common_Shiner	3.44316471701827e-06	0.999882756829262	1.50972981050686e-05	7.0530567091138e-06	7.40695778398921e-06	7.69493789921955e-06	2.0410415389107e-05	6.66146389450906e-06	2.62647114386691e-05	8.02567935758126e-06	1.51859951587921e-05
AMP22_0219	Common_Shiner	3.34979719537533e-06	2.44031202352658e-06	6.5180514262464e-05	4.60314157312925e-06	7.91364017289712e-05	8.4955558283817e-06	0.999756976664066	8.36761201773012e-06	2.8128353478365e-05	1.92520619301567e-05	2.4069912256655e-05
AMP22_0220	Common_Shiner	5.97262741511209e-06	6.09570487035723e-06	0.000171195556382374	1.11634959432866e-05	1.25298269548892e-05	0.000216561276749109	0.997724723676841	4.15767480431548e-05	4.02686743919207e-05	0.00171673761298618	5.31746827409232e-05
AMP22_0221	Common_Shiner	4.61138189417834e-06	0.536321928282579	2.78091976747073e-05	5.73491981893226e-06	6.94545465189063e-06	8.25035304135937e-06	0.436578477958838	1.02727254079524e-05	6.1089744948789e-05	0.0269508563565711	2.402321411078e-05
AMP22_0222	Common_Shiner	4.76458085270039e-06	3.47090460562002e-06	6.8275435168261e-05	7.38978154180995e-06	1.16035338015731e-05	7.79349429155878e-06	0.999782928287983	1.05729885314663e-05	2.3147382770411e-05	4.05735534574003e-05	3.94802761318719e-05
AMP22_0225	Common_Shiner	2.95716315817704e-06	9.04206650619947e-06	6.85295361122143e-05	6.9696628741402e-06	8.33066659295428e-06	6.24942972485868e-06	0.529746308912834	7.71563494670316e-06	4.81172851593529e-05	0.47007113713026	2.46425055685079e-05
AMP22_0226	Common_Shiner	3.72209713190821e-06	5.68700680893324e-06	0.269382527967294	5.62587056914939e-06	1.45393280887983e-05	7.78877138270951e-06	0.726759327332179	8.98046900638614e-06	1.5851953976748e-05	0.00376217883660205	3.3770048953041e-05
AMP22_0227	Common_Shiner	6.27728999510547e-06	2.63542728600818e-05	0.000939681247679188	1.30021301042582e-05	1.65828380373994e-05	9.32155408137245e-06	0.998807843585809	1.61688142059244e-05	1.72445351528868e-05	2.0298199329774e-05	0.000127226120205712
AMP22_0228	River_Chub	2.23594391680583e-06	2.93032837764186e-06	1.34231216413946e-05	5.26199597071105e-06	6.929484507322e-06	0.99991438249747	2.10923155607906e-05	4.65664844273483e-06	7.88726331046178e-06	6.60024254450223e-06	1.4600729397686e-05
AMP22_0231	River_Chub	4.04286133358332e-06	4.13946643102721e-06	0.000171908985745618	1.57466243979124e-05	1.590995922516e-05	0.999452029188474	0.000202331666194679	9.48536468141437e-06	4.79241754921405e-05	1.06001301311954e-05	6.5881676650276e-05
AMP22_0232	River_Chub	0.000226499442949036	3.08334899283446e-05	0.0001739740049252	0.000367223128503337	7.41509580200851e-05	0.575129775812229	0.000360684651229875	0.014886036867737	9.50465282406588e-05	9.95497747760839e-05	0.408556225905816
AMP22_0234	River_Chub	3.94676581215406e-06	2.32567623045407e-05	0.0331516153874497	8.72517582566575e-06	1.99621636551753e-05	0.96666498752435	4.81427817186177e-05	1.41653153965448e-05	1.74261402157666e-05	1.30279209391689e-05	3.47443685021594e-05
AMP22_0235	River_Chub	3.59051927275392e-06	0.0154904413865879	0.000171428743382707	5.83545209658584e-06	0.0116120652200188	4.93049207166878e-05	2.02214253656114e-05	2.4880157541231e-05	5.70929056528039e-05	0.00161190060598134	0.970953239619732
AMP22_0236	River_Chub	1.17988651066212e-05	0.00684046058333479	0.0342201383989304	2.28443435428012e-05	8.70060396858778e-06	0.958723725120227	1.78152877253187e-05	3.41551070153032e-05	5.50665308651419e-05	1.8852930560244e-05	4.64423661397964e-05
AMP22_0237	River_Chub	3.7754094797608e-06	1.79367898697051e-05	0.000112136685007613	6.13973988782343e-06	1.24021934341429e-05	0.998617636322975	6.33908845574454e-05	2.80801820749628e-05	1.99493724670588e-05	1.44516900326286e-05	0.00110410064652843
AMP22_0241	Creek_Chub	1.90129910112627e-05	0.0004250222994657	0.00824939738764147	1.68589301526249e-05	0.00692140532568951	0.000162857927818375	2.4904527501603e-05	0.013817850358435	0.000168908332437861	8.31109700830398e-05	0.970110670904318
AMP22_0242	River_Chub	3.90754587365557e-06	4.19337973668042e-06	8.52542763161111e-05	6.75153681345041e-06	7.17523183068597e-06	0.508346205741167	1.8268039841381e-05	5.21124486223759e-06	1.60427268045816e-05	9.66970403335144e-06	0.491497320572535
AMP22_0243	Common_Shiner	3.51860380234391e-06	5.26208662553566e-06	0.0180305850616911	7.27127960037033e-06	1.57240767500488e-05	0.00870181401260197	0.949470538417498	1.52571197185051e-05	5.02072882839112e-05	0.0234816415353368	0.000218181232311386
AMP22_0244	Common_Shiner	5.24739919009682e-06	6.11552480909814e-06	0.073305266228194	5.09807810472794e-06	1.10593135243118e-05	7.26119661273357e-06	0.91766152270635	5.5518606402765e-06	5.18385120739828e-05	0.00891265231161378	2.83871204856239e-05
AMP22_0245	Common_Shiner	3.7772881310159e-06	0.016156856761314	0.209416451359789	4.29695870462131e-06	8.26529829435878e-06	9.74167244150998e-06	0.758478486855825	1.07559998688376e-05	6.31475197936123e-05	0.0157810548723986	6.71655081440552e-05
AMP22_0249	Common_Shiner	4.3808300515281e-06	5.89723181133119e-06	1.62933271678722e-05	4.97199537705504e-06	1.14610618999793e-05	7.24869174127651e-06	0.984746342877547	8.74635233804536e-06	2.62701069781643e-05	0.00719409364116533	0.00797429456704281
AMP22_0251	Common_Shiner	5.31158032914063e-05	0.00023542774412869	0.141221812563948	1.76809900829863e-05	5.40184405320213e-05	2.87058542910149e-05	0.774369639774164	7.84094875480467e-05	0.000124199957912201	0.00690908254627412	0.0769079062550639
AMP22_0253	Common_Shiner	0.00706634163825462	1.30491231259832e-05	9.56963437906163e-05	7.95885614700105e-06	1.05260316554194e-05	9.56714975618865e-06	0.978931127309799	2.57146988224393e-05	0.000357855612179123	0.0133489708953227	0.000133192520120654
AMP22_0254	Common_Shiner	3.77460228917344e-05	0.00252260979486842	6.28640832274539e-05	0.00687980229874386	3.83149350374015e-05	1.86464675157415e-05	0.970430280347665	0.00339225240445148	0.000386128098662847	0.0137562020841152	0.00247515386610947
AMP22_0255	Common_Shiner	3.17382972752866e-06	1.49761116273239e-05	0.000159312778495163	0.00964610834737929	9.39325123961084e-06	7.73025664229195e-06	0.989777626673381	1.84453858916229e-05	0.000280132869052028	6.33687314524358e-05	1.97316000284568e-05
AMP22_0258	Common_Shiner	2.91706072186268e-06	3.53988589387994e-06	0.61986143318812	6.62409996787203e-06	9.71667161260187e-06	7.28870717618788e-06	0.380024677336216	5.89236580935631e-06	1.99319012477884e-05	1.79375430042275e-05	4.00413014812704e-05
AMP22_0259	Common_Shiner	5.47489665970102e-06	0.00240082633534136	8.78007398774094e-05	6.11361422763434e-06	1.27018072155516e-05	5.5553663026075e-06	0.994445887585481	1.31560649548127e-05	1.48648940678891e-05	0.002977248397091	3.03697820015582e-05
AMP22_0260	Common_Shiner	6.39570168021071e-06	0.0425044294800609	0.0762681046308329	9.83093487653997e-06	1.53013954222148e-05	1.236707778448e-05	0.878445337593555	4.66219215847998e-05	3.89349150973705e-05	0.00262663816226769	2.60381100884598e-05
AMP22_0261	Common_Shiner	4.84662167026811e-06	0.0016945878205539	0.0765495515788595	7.62238207903076e-06	8.24078945828173e-06	0.000228481449753897	0.920847937027613	0.000304126505801926	0.000198748725301908	0.000101620339918184	5.42364285681075e-05
AMP22_0264	Common_Shiner	4.22689246930819e-06	1.84769449358152e-05	0.00268085851310014	3.40578593307047e-05	1.69633497987045e-05	7.12285542441841e-06	0.970373931268851	1.2528687127988e-05	3.08980311861688e-05	0.0265534826836859	0.000267453010088597
AMP22_0265	Common_Shiner	3.82004345099167e-06	1.45822141899204e-05	9.05246192951126e-05	5.43829895647508e-06	2.38499698471074e-05	8.1869656731807e-06	0.995539129098256	1.3828804238194e-05	7.05820333557311e-05	0.00418787454398181	4.21828100091194e-05
AMP22_0266	Common_Shiner	3.22715566838942e-06	8.07884156597274e-06	0.000241807104824178	8.0315586873507e-06	6.09426305471554e-06	1.00214597428097e-05	0.984139736056328	1.64606317573968e-05	2.86059325847625e-05	0.0155193587586594	1.85782444957061e-05
AMP22_0268	Common_Shiner	2.93190732697113e-06	5.15537412037257e-06	0.000817758174485783	7.27234017871679e-06	1.20748950826134e-05	0.69449294000864	0.298818702548742	5.4549984450769e-06	2.69799951259204e-05	0.00578035803548604	3.03720474027912e-05
AMP22_0269	Common_Shiner	3.52382519029474e-06	0.00350499238491951	0.0101852771830937	1.67608041189322e-05	1.04023765111638e-05	1.11926795960919e-05	0.944579646786054	1.30365252879594e-05	0.00012407822610305	4.44557549459679e-05	0.0415066334723184
AMP22_0271	Common_Shiner	4.05547250652846e-06	0.00340357932803454	9.48459528182274e-05	7.33234830471959e-06	1.3575143033037e-05	5.36577170569418e-05	0.989407060623169	2.15517596253795e-05	0.000159807323877104	0.00678486797073856	4.96661383249234e-05
AMP22_0273	Hornyhead_Chub	3.72937838432888e-06	5.47611386947626e-05	0.50658335596323	0.493184591074785	1.17841435837878e-05	7.94807365472496e-06	2.34186075348429e-05	1.16188399601479e-05	1.82492730783214e-05	1.20766088533118e-05	8.84667730912884e-05
AMP22_0274	Creek_Chub	4.97792607223879e-06	0.00295824081314883	0.996793964405855	5.30641882257267e-06	1.06466792724873e-05	1.26693468396915e-05	8.8567493960239e-05	8.3344366688717e-06	7.70319701565573e-05	1.12448203998413e-05	2.90160126882176e-05
AMP22_0275	Creek_Chub	4.99266140235236e-06	5.06259972526584e-06	0.996444796085358	6.08906204202984e-06	1.18080989058743e-05	9.03456091524803e-06	2.11571463857442e-05	1.37869603443383e-05	2.12960246275825e-05	1.86529227923898e-05	0.00344332392326684
