Mandeville_ID	Common_Name	1	2	3	4	5	6	7	8	9	10	11	12
AMP19_0002	Western_Blacknose_Dace	0.355107222869992	3.72277544064979e-05	0.0126619511059641	4.07078260601646e-05	0.029891158969452	0.00010492806201526	7.5806542263255e-05	2.21834920282955e-05	0.516524257034063	0.0854348150789738	2.81588407689633e-05	7.15827912411283e-05
AMP19_0003	Western_Blacknose_Dace	0.284143712754051	1.17160709137584e-05	9.82474111006836e-06	6.50421061689402e-05	0.0153970587427805	0.0153100785403512	0.000233267612632166	0.0875149933497111	0.524166824926933	0.0730637137104447	3.32374859607211e-05	5.05302508418219e-05
AMP19_0004	Western_Blacknose_Dace	0.00731993441716198	7.06001858650629e-06	9.27817303102585e-06	1.65458079482245e-05	0.000453574507984179	0.0639057570695877	0.000105488133391944	0.00303194944779049	0.00352219198110945	0.921543061653773	2.7933059171428e-05	5.72251544020229e-05
AMP19_0005	Western_Blacknose_Dace	3.27940914582992e-05	4.46816714766101e-06	3.8191539620689e-05	0.935849669218063	8.50642016182656e-06	0.0162865121075884	2.48835509892172e-05	1.35850945007356e-05	0.0470766718965024	0.000637046991704952	1.40113835282858e-05	1.36590943556105e-05
AMP19_0007	Western_Blacknose_Dace	2.31718812255851e-05	3.35181240019193e-06	8.59756657514921e-06	1.07892953460741e-05	0.000106811386128827	0.0303724489094069	1.94745666073483e-05	3.95273557251595e-06	0.969396344105403	3.01775903464651e-05	1.20319919324059e-05	1.2847606545613e-05
AMP19_0008	Western_Blacknose_Dace	0.000104374885490938	3.21425154061349e-06	2.77780606174304e-05	1.91497084639959e-05	1.01437198431909e-05	0.0622050862647593	2.60197677905974e-05	9.35428513042064e-06	0.910354365547498	0.0210934812849543	0.00613906709318204	7.96492126893766e-06
AMP19_0009	Western_Blacknose_Dace	2.07064119501532e-05	3.76190955127943e-06	6.48625354148256e-06	1.00358684384718e-05	1.07263006641788e-05	6.16189619668666e-06	1.44457060171439e-05	3.49014276589561e-06	3.19708766498961e-05	0.99988285835584	4.62864898051237e-06	4.72841137437071e-06
AMP22_0004	Creek_Chub	0.155267542719841	9.613154911267e-06	5.59860572155141e-06	9.08863191443544e-06	1.89950267054366e-05	9.70320418222694e-06	3.27770854248128e-05	4.81799748071203e-06	0.840117364962896	0.00448506043037212	2.62932850710803e-05	1.31457401750702e-05
AMP22_0005	Western_Blacknose_Dace	0.0307414324750813	0.00549123915859188	9.65574846579888e-05	1.39946225135221e-05	3.07538522544614e-05	6.71657075316382e-06	8.94785315114536e-05	0.0039932344094268	0.000106930821822232	0.95937036472559	3.50404176857314e-05	2.4257059410937e-05
AMP22_0007	Western_Blacknose_Dace	0.0261154469593118	2.80653657520433e-06	4.35904793132997e-06	1.11711332889365e-05	1.02675771599681e-05	1.02780399614215e-05	4.43499353501191e-05	4.71205144657182e-06	0.00198018792563171	0.97177101200819	3.4760819608617e-05	1.06482607616566e-05
AMP22_0011	Western_Blacknose_Dace	0.000223956550240134	0.00210281984261625	8.43801438091066e-06	1.25594784995751e-05	1.42550560902205e-05	1.12049248702929e-05	4.16049377959709e-05	7.92404565944447e-06	0.000250231474862066	0.997307403683662	8.51621232122503e-06	1.1086063427701e-05
AMP22_0013	Western_Blacknose_Dace	5.4146967460237e-05	6.41702824584668e-06	1.0635716943233e-05	8.40639947275516e-05	1.31864158569123e-05	9.60870956572404e-06	0.000326090930692987	1.38521732682967e-05	0.0170022882702589	0.982424572348595	3.3461064433394e-05	2.16766244680368e-05
AMP22_0014	Western_Blacknose_Dace	3.65873609988966e-05	3.13646508468582e-06	7.17682963338752e-06	1.39333196949974e-05	8.57402913772986e-06	7.17717844613898e-06	2.93017163745356e-05	3.91720087185509e-06	2.31535326604674e-05	0.999853270053863	6.3673728294004e-06	7.40548131226348e-06
AMP22_0015	Western_Blacknose_Dace	0.000216363913127522	6.63569520676434e-05	7.47066785766428e-06	2.30134212192172e-05	5.80373718691565e-05	6.87271072505338e-06	2.11575356396631e-05	8.13818120522579e-06	0.000166743609989332	0.999385597864787	2.25017854776039e-05	1.77459352378665e-05
AMP22_0017	Western_Blacknose_Dace	0.120771614087125	9.87398615889718e-06	1.21192761118244e-05	2.95308530540829e-05	0.00146822260001392	0.103855950872103	0.000947428553390912	0.000163244967566791	0.00371861980295254	0.76837729605039	0.000458252957663093	0.000187845729108416
AMP22_0022	Creek_Chub	0.0121139114472631	0.0449577287783225	4.18385479726421e-05	2.25021062419442e-05	2.41251344779798e-05	1.39321582540324e-05	9.35716484394099e-05	8.21132683526214e-06	0.942038938740889	0.000553146262217781	9.02269679521433e-05	4.18669969568938e-05
AMP22_0023	Creek_Chub	0.0324138140487485	5.74371387761273e-06	0.00766257578704972	2.88311031254449e-05	2.05565471162053e-05	0.0325973646125446	5.83356622264207e-05	2.0215110506071e-05	0.922780745983124	0.00428123426353834	0.000107551770936722	2.30316287846105e-05
AMP22_0024	Creek_Chub	0.0038802024137621	2.91455157283873e-05	0.000981383047024291	0.00982125076760228	8.72218158299876e-06	1.78544027873208e-05	3.16167798576126e-05	5.22542799118836e-06	0.24137278406322	0.743680933217208	8.77234584877571e-05	8.31585416860128e-05
AMP22_0028	Creek_Chub	0.000110500313219456	3.86787060391115e-06	8.76992634446212e-06	2.03647619124015e-05	1.43770251936837e-05	8.82190441978902e-06	0.545114845097065	1.85126528885028e-05	0.454393124798934	0.000271524718386195	1.98778753278636e-05	1.54134104721132e-05
AMP22_0029	Creek_Chub	0.380398415257533	4.89220984489031e-06	0.0122624242089223	2.24241218980457e-05	5.3830114409745e-05	1.5137632660597e-05	5.12749906054668e-05	0.0124737683332836	0.594511593888203	0.000172727320020201	2.19112000665942e-05	1.16014540886836e-05
AMP22_0030	Creek_Chub	0.000217080387127897	3.61330161763771e-06	7.0152796208364e-06	1.82768689365942e-05	7.6355896467884e-06	0.00901195713831112	0.000134473504761445	1.62621089911319e-05	0.988921610613664	0.00164043798115215	1.22891467319019e-05	9.34818184938424e-06
AMP22_0037	Creek_Chub	0.0525108890424793	1.0737672700577e-05	0.0531654142911235	0.000143459074206868	3.75444341101177e-05	0.000587917699396653	1.38919309014881e-05	9.52853323937894e-06	0.885513149142265	0.00719613912972921	0.000472428578029009	0.000338900841468725
AMP22_0038	Creek_Chub	0.000111010969017651	3.8363250236486e-06	1.18268937915644e-05	1.03832682641993e-05	3.16089300918443e-05	8.19387855831049e-06	1.60702137091244e-05	5.82414358426315e-06	0.999593951245149	0.000176292615436593	1.78403881754665e-05	1.31618342593934e-05
AMP22_0044	Creek_Chub	0.105127632651478	5.05688313361573e-06	6.03470470775826e-06	1.34979590072778e-05	1.32212032510059e-05	4.90875449223973e-06	3.5729059625357e-05	1.81297306348765e-05	0.894553255498409	0.000169944136115	3.30122229668022e-05	1.95772393764868e-05
AMP22_0045	Creek_Chub	0.000325717378780459	5.12836600742423e-06	4.76291586149974e-06	2.15787406989765e-05	1.34394127857628e-05	1.62604351610209e-05	4.49660237275789e-05	5.72173842028125e-06	0.998424596210321	0.00110281499478455	1.52649940747547e-05	1.97493148475592e-05
AMP22_0046	Western_Blacknose_Dace	3.30324711625308e-05	4.63423245396732e-06	7.06474615665257e-06	2.19035545247521e-05	5.82424102753528e-06	0.000116395912808853	0.000360034859623866	6.13053547537743e-06	0.000872090596870095	0.998525598744551	2.91816655382281e-05	1.81091063228733e-05
AMP22_0048	Creek_Chub	0.000191270912905744	1.1500435903083e-05	0.979693301339944	5.80109003900576e-05	1.73363889191266e-05	4.70815002575843e-05	8.49190945720423e-05	1.79105314875759e-05	0.000386261248942463	0.0191892092626251	1.97874009739924e-05	0.000283410492639783
AMP22_0051	Western_Blacknose_Dace	9.89458779677327e-05	5.47733557780696e-06	0.00251261112336501	1.16950114601875e-05	4.55471107989563e-05	1.21010979717833e-05	4.47025028810453e-05	8.72187077668537e-06	0.00047301472746964	0.99664329512914	7.49988994089921e-05	6.88897964127075e-05
AMP22_0052	Western_Blacknose_Dace	0.000120858805832465	2.26124585340624e-06	6.67321584051117e-06	1.11378564006767e-05	0.00523300975984118	7.55962277551295e-06	0.000112946772108642	4.0484774219946e-06	7.40442449415329e-05	0.994410944799582	8.70775601150858e-06	7.80710601778239e-06
AMP22_0053	Creek_Chub	0.0502073817669104	1.76128001930352e-05	0.00171223277980049	1.33768287370978e-05	2.49753447923859e-05	1.37785945682612e-05	2.06456659294643e-05	4.91094507751918e-06	0.867315986096859	0.0805076453176637	7.12442928847459e-05	9.02096583304999e-05
AMP22_0054	Western_Blacknose_Dace	2.14075078637623e-05	3.42496701780913e-06	7.11996401223181e-06	1.21395059387805e-05	1.25218218274038e-05	5.51116094534364e-06	2.42080461955281e-05	3.76267476525537e-06	4.93695844572055e-05	0.999852134525776	3.49807017929437e-06	4.90295684731221e-06
AMP22_0058	Creek_Chub	0.0111260371284249	2.7673066727692e-06	0.00323857558666108	6.07663809311096e-06	1.09527224249699e-05	7.15533206388422e-06	2.28872389744054e-05	4.63353396733581e-06	0.985516087591648	4.6383642096452e-05	8.6754505229704e-06	9.76769371061622e-06
AMP22_0061	Creek_Chub	2.53417674462376e-05	3.93873349552057e-06	4.20716786043741e-05	7.49925574723426e-06	1.0388484487965e-05	1.14171751440973e-05	7.65138618723742e-05	4.82654922619313e-06	0.999755570888519	3.17319613646554e-05	1.16436841664946e-05	1.90570723134128e-05
AMP22_0062	Western_Blacknose_Dace	0.188718719427784	7.94176775829146e-06	4.76822159911799e-05	8.55155763509755e-06	0.000963473378966261	1.40828801982102e-05	6.66210952793764e-05	9.67344503506227e-06	0.000278216144242861	0.809826332966487	2.56758053125223e-05	3.30291368525143e-05
AMP22_0067	Creek_Chub	2.76118566362953e-05	6.82929067707057e-06	1.90971592219581e-05	4.93226737116601e-05	1.61569712004173e-05	3.33833556257432e-05	7.29688658039451e-05	0.0237459888383746	0.975939277589321	5.39932701542746e-05	2.22507904799107e-05	1.31193501124463e-05
AMP22_0071	Creek_Chub	0.108721808734039	0.000530720040543955	4.14718286345088e-05	4.14717915536661e-05	8.54349247142805e-05	8.91864220184184e-06	0.000106037324744272	5.83517970779619e-06	3.57977356890886e-05	0.890274009724458	5.9104572644374e-05	8.93894922026526e-05
AMP22_0072	Creek_Chub	0.000111537543590099	6.80615807993913e-06	0.00593508831015788	1.72247659634206e-05	1.55183426177308e-05	0.0391648083801071	4.39108515712381e-05	4.56427955553152e-05	0.951384009897709	0.00301466265749597	0.000174885007007269	8.59049326055407e-05
AMP22_0075	Creek_Chub	8.15776706851896e-05	0.000481094894288434	7.73006448943112e-06	2.74196318661356e-05	9.95666438900395e-06	2.97354672961674e-05	0.000269356592257513	1.44620941938429e-05	0.995381998836994	0.000414895187738385	0.00154163389601331	0.00174013898532499
AMP22_0082	Common_Shiner	0.978541234095891	8.39829250869927e-06	0.000476624132920384	6.09266288731774e-05	0.000366309690999588	1.1583002557356e-05	0.000162861195188202	0.017421065949214	0.00137090165852954	0.000491069980390641	0.000826672712272707	0.000262352416669105
AMP22_0084	Creek_Chub	0.0526383075347791	2.75706907486956e-06	7.4511989409316e-06	1.00587259503091e-05	0.00118995105730398	7.24865885854809e-06	0.000385298468867505	3.54226178735844e-06	0.943031888564428	0.00259411352864354	0.000107149722220971	2.22327309412789e-05
AMP22_0085	Creek_Chub	0.694448655645053	0.058852116898944	0.00556880421792957	5.97073398771404e-05	0.0253598126485012	0.00101434317309475	0.000109604516718264	0.070726510266463	0.136118106152241	4.53652072627858e-05	0.00439518904984894	0.00330178485075647
AMP22_0086	Hornyhead_Chub	0.000627500640543951	1.00731182743429e-05	0.04650688470155	1.67397419974246e-05	0.390926963011424	3.32760492789518e-05	0.00178136638761769	2.64849368448643e-05	0.00129367720507764	0.558624520560106	5.8236753875859e-05	9.42770258822227e-05
AMP22_0088	Creek_Chub	1.88952998459568e-05	3.29679551682038e-06	9.40751123738923e-05	1.0048623927125e-05	9.97996269979126e-06	6.83609329846009e-06	1.46546106659985e-05	3.38745628577623e-05	0.999724085847537	2.79993901738608e-05	3.18756195011921e-05	2.43783328378103e-05
AMP22_0093	Western_Blacknose_Dace	4.34950238768564e-05	4.83793289284328e-05	0.000299989281493954	8.77784062728822e-06	0.00540724424131137	7.62233983420629e-06	3.34650086727348e-05	3.95206294167518e-06	0.734954522589843	0.259072959755858	5.21758442700078e-05	6.74166077856229e-05
AMP22_0094	Western_Blacknose_Dace	4.04141804251425e-05	4.87991318838832e-06	1.42878861946695e-05	3.51123862319129e-05	5.12085916219405e-05	2.19286188348057e-05	5.9028201926379e-05	1.55986125845003e-05	0.000130890063875127	0.999595662633578	1.29517867186279e-05	1.80375198772747e-05
AMP22_0095	Western_Blacknose_Dace	0.0069668249983265	0.193725185011824	6.3127873828935e-05	3.33545110679434e-05	0.000209254857165198	0.0549722343807419	0.000169589005837214	1.10975499699544e-05	1.41270961211037e-05	0.743304773052534	0.000120643556931352	0.000409788080766427
AMP22_0096	Western_Blacknose_Dace	0.00853336972831101	2.78899759030397e-06	8.82970936016594e-06	2.12297999506811e-05	2.27285993081857e-05	0.00339283261603365	1.63092471395187e-05	4.30547174938446e-06	0.000224678747685037	0.987752426425616	1.1272453831918e-05	9.22844416748455e-06
AMP22_0099	Western_Blacknose_Dace	7.69498017932559e-05	6.65792803154841e-06	1.58177223870335e-05	1.0520437175993e-05	1.13449402383699e-05	0.0046029995005083	0.000462648075118813	1.07841423711316e-05	0.00010510320004116	0.994656581660112	2.17214224448654e-05	1.88717623392627e-05
AMP22_0101	Western_Blacknose_Dace	3.30014502424458e-05	9.30109407768104e-06	1.01194809953594e-05	1.07307116977011e-05	1.29841456337251e-05	7.02104055369399e-06	3.12511567260905e-05	4.65059940630284e-06	0.0203095970031496	0.97954421077172	1.79282026692613e-05	9.20449308442765e-06
AMP22_0102	Western_Blacknose_Dace	0.0552895744269093	1.43277649241225e-05	7.9588882944531e-06	2.54508553402436e-05	0.000315684990913599	1.00231719820434e-05	0.000108976584498455	4.94269844356588e-06	0.00050913423096143	0.943676612655322	1.07672556284777e-05	2.65467012816018e-05
AMP22_0105	Western_Blacknose_Dace	6.29902520467969e-05	1.417742114724e-05	1.18628929815026e-05	1.92282961752926e-05	1.54255888462294e-05	1.04249197834488e-05	3.29170255494927e-05	2.25615083888786e-05	0.00122821567923794	0.998525758127371	2.75604018630252e-05	2.88783751966006e-05
AMP22_0106	Western_Blacknose_Dace	0.0179627675948967	0.0135997486462196	8.00414444802592e-06	9.73592311632743e-05	0.0305147406614075	5.39503662338477e-06	1.34965103145589e-05	1.37136162096716e-05	0.00195473942711693	0.935759308020274	4.16485968378833e-05	2.90787212376584e-05
AMP22_0107	Western_Blacknose_Dace	0.000280677669940766	0.131641057573259	9.39947309524365e-06	1.90130410419702e-05	0.0190744299699242	0.00572202182199302	1.78288729432017e-05	1.98378425464745e-05	0.000162510463319051	0.842973730882009	3.69273121148102e-05	4.25642309893302e-05
AMP22_0108	Western_Blacknose_Dace	5.02072719165253e-05	0.0635881033924719	7.29136503342041e-06	0.000102250632179916	1.34311898242445e-05	0.0149653915918122	6.14273374967089e-05	0.00581476090986204	0.000157638831257912	0.915156033615271	4.27019427816244e-05	4.07625436511404e-05
AMP22_0110	Western_Blacknose_Dace	6.69709284156103e-05	0.00426320933038369	4.81859634303743e-06	3.09515795585479e-05	9.76035800500896e-06	8.17658748987191e-06	3.33228268136113e-05	4.31887924185141e-06	0.486569195300341	0.508957498351733	3.17413424176891e-05	2.00360055998828e-05
AMP22_0114	Western_Blacknose_Dace	0.000133870126787851	3.07498714240115e-06	1.0985900216553e-05	1.5292378024362e-05	1.28525356793492e-05	1.61066068964688e-05	4.50124132835215e-05	0.00288626503642687	9.08878939452974e-05	0.99676754629612	9.79297782690738e-06	8.31288329826359e-06
AMP22_0116	Western_Blacknose_Dace	0.000267229167471287	0.0042038975104612	5.37232937695935e-06	3.19365675050237e-05	1.39279441856918e-05	6.50453114877727e-06	1.46924103892352e-05	7.02029589036694e-06	3.96511680930471e-05	0.995377228875955	1.47249861978462e-05	1.78144072584899e-05
AMP22_0117	Western_Blacknose_Dace	2.41932650405672e-05	3.10498757280108e-06	0.000153922149592028	1.23294291505555e-05	8.68578005969877e-06	7.06777667841841e-06	2.42576326111177e-05	5.84254497118097e-06	6.96803224171374e-05	0.999664773801963	1.77854615618424e-05	8.35713626376919e-06
AMP22_0118	Western_Blacknose_Dace	5.10459849057847e-05	0.000518791997316617	1.03060844656428e-05	4.90766811507801e-05	1.24118974345297e-05	6.24227799639086e-06	1.91758565942977e-05	4.97826069255304e-06	7.35016699203349e-05	0.999187560478846	2.65371934085254e-05	4.03716988391729e-05
AMP22_0122	Creek_Chub	1.52398075970945e-05	3.03294620488645e-06	4.92615743990425e-06	9.00016587829899e-06	1.3157649671978e-05	4.43815267649004e-06	1.87840445415256e-05	2.96333981521436e-06	0.999899441878001	1.95168896015014e-05	4.54804407383624e-06	4.95152499509251e-06
AMP22_0123	Creek_Chub	4.72621968592296e-05	0.000113524571915836	9.96808546528565e-06	9.98083255899214e-05	1.64926868951559e-05	6.42592806003348e-06	3.63660064321049e-05	7.30355988440067e-06	0.993226495842139	0.0063080298445522	5.10839334574377e-05	7.72393332699665e-05
AMP22_0125	Creek_Chub	2.23502070158488e-05	2.39113257580813e-06	6.40715439102654e-06	1.01386385882638e-05	1.15762065594e-05	8.53402174903652e-06	1.17284823044731e-05	3.73807346023279e-06	0.999755222876867	0.0001556247472765	6.46601200786002e-06	5.82300888769858e-06
AMP22_0126	Creek_Chub	1.39122886982698e-05	3.78385781742378e-06	2.74342471170296e-05	1.27634602243445e-05	1.13255763285864e-05	6.23212133661397e-06	2.21872093573419e-05	4.93417971048857e-06	0.999848067084948	2.55890499407497e-05	9.74491589080529e-06	1.40268030265804e-05
AMP22_0127	Creek_Chub	2.34713505209314e-05	4.81117454545279e-06	7.98842291994524e-06	3.97176507240086e-05	1.17548528033106e-05	7.40804674609075e-06	1.73554575268509e-05	3.56772953173051e-06	0.999830781122049	4.23134013914377e-05	5.85468824537863e-06	4.97667682460687e-06
AMP22_0128	Creek_Chub	2.04155135368114e-05	3.09864972696511e-06	6.38549679604708e-06	7.68714531631574e-06	5.06664004326517e-06	6.71443604584562e-06	1.81946257039955e-05	6.69484446292624e-06	0.999279124538104	0.000620699968866979	1.25321123527116e-05	1.33864184544014e-05
AMP22_0129	Creek_Chub	0.000116843499210388	2.72792362981904e-05	5.28516093213152e-06	1.31570067829363e-05	9.88102679557645e-06	6.45436007992869e-06	1.27210589630471e-05	5.01140504089753e-06	0.999753082772096	2.51256587630343e-05	1.73457297442551e-05	7.81347126245069e-06
AMP22_0130	Creek_Chub	0.0260318084062698	3.25029175813075e-06	0.000282134786812391	1.75681535857014e-05	8.58753372314927e-06	5.74657049798403e-06	3.80816650809348e-05	3.54637161706567e-06	0.973488059242566	8.3807535582414e-05	2.65428447555702e-05	1.08666605734175e-05
AMP22_0131	Creek_Chub	3.2559773564763e-05	2.57706544922689e-06	8.93897713637703e-05	7.25593712643569e-06	1.05807645166954e-05	4.49909065137411e-06	2.74274165022375e-05	4.22914910092523e-06	0.999776141742865	2.40314877934994e-05	1.26726950207325e-05	8.63559880220521e-06
AMP22_0133	Creek_Chub	0.1732166125079	2.68646631136711e-05	2.73335618509957e-05	3.62004557814476e-05	5.82607820562746e-05	2.054267217281e-05	8.58213108717539e-05	2.38418793325437e-05	0.421818235342701	0.404636013299227	3.1096193431636e-05	1.91774315096042e-05
AMP22_0136	Creek_Chub	1.90144058984562e-05	4.27059388746652e-06	6.75906503036475e-06	8.51563671905407e-06	9.19017642140873e-06	6.02250931917213e-06	1.07654957585487e-05	3.94795172006023e-06	0.999879422903061	3.89465067616796e-05	7.29757360344945e-06	5.84794928062084e-06
AMP22_0141	Creek_Chub	0.000261294815021569	4.28565446649301e-06	6.22672063946402e-06	1.48882130529562e-05	1.29490624613812e-05	6.47872152614026e-06	4.0720587101652e-05	0.564625246445338	0.434819116612275	0.000179388758516735	1.54305206104814e-05	1.39741284386374e-05
AMP22_0142	Creek_Chub	1.46595530254164e-05	3.18699531318239e-06	5.00659468630099e-06	8.37345689274839e-06	1.02161175280224e-05	4.27770790191031e-06	1.27106487515284e-05	3.92056135170072e-06	0.999860329111417	6.71014803644801e-05	5.21937896276241e-06	4.99836618000626e-06
AMP22_0143	Creek_Chub	0.00134798717610091	3.63563394820446e-06	7.13907978570259e-06	4.23538917866672e-05	9.96787243618615e-05	6.4113725373199e-06	2.63139651836294e-05	2.69423552185927e-05	0.998321357568105	5.79501077652245e-05	1.8657526417541e-05	4.15730953084484e-05
AMP22_0144	Creek_Chub	2.30353643535861e-05	2.80130301287341e-06	5.83469603770559e-06	9.69269327678781e-06	8.85518864830988e-05	6.64218642709103e-06	1.21457936149167e-05	3.95618474838229e-06	0.999552799304326	0.000267192075461683	1.17264465390715e-05	1.56227416082072e-05
AMP22_0145	Creek_Chub	3.14647674741829e-05	2.72316412631641e-06	5.36855082976576e-06	8.70189109442323e-06	8.08644351745968e-06	4.43479040679072e-06	1.61543740298741e-05	3.8207169627584e-06	0.999876426915328	3.48020285582656e-05	3.73126774039171e-06	4.28574942581022e-06
AMP22_0146	Creek_Chub	2.1832278849071e-05	3.18576489327618e-06	4.71850468696023e-06	0.000101986308290987	7.2316509538548e-06	4.52443309626531e-06	1.94129098388862e-05	3.67987826356803e-06	0.999809883673986	7.84359540598317e-06	7.37587255085389e-06	8.3255233704408e-06
AMP22_0148	Creek_Chub	2.62636024420608e-05	2.49663397948477e-06	4.48645059429762e-06	9.34097766957744e-06	9.67398657992572e-06	6.35356193353575e-06	1.17012576722067e-05	4.90704410681305e-06	0.99989812785387	1.87754383175258e-05	4.44487242109337e-06	3.42867552187549e-06
AMP22_0149	Common_Shiner	0.998603527069092	2.72038210482534e-06	8.65478304075922e-06	7.6872357902765e-06	0.0012224949252856	5.73236263400292e-06	3.831777470382e-05	3.53019627748782e-06	6.24920498125304e-05	2.56652502400501e-05	8.75707453873502e-06	1.04206203085893e-05
AMP22_0150	Common_Shiner	0.95018284813563	4.85442289082312e-06	1.4229219900438e-05	2.41055694252373e-05	1.52339460942705e-05	3.64678666536955e-05	2.77896191337932e-05	0.0150856063459069	0.00550089031360125	0.029078871596915	1.0620774266809e-05	1.8481917018344e-05
AMP22_0152	Common_Shiner	1.66141375317387e-05	2.47201769017851e-06	3.68907686771476e-06	7.09386776974018e-06	5.81006410715707e-06	7.05429988310291e-06	1.09125101662807e-05	0.999913427233696	1.15088022431121e-05	9.84134308659664e-06	6.41660550407079e-06	5.16109366949417e-06
AMP22_0153	Common_Shiner	0.999208150664965	1.96556500474263e-05	7.54356379974625e-06	8.46413173467856e-06	0.000453709170558321	5.2884527371633e-06	1.96592014368402e-05	6.38946930321401e-06	0.000203588544398641	2.41363280087284e-05	1.83367377120327e-05	2.50782202011414e-05
AMP22_0154	Common_Shiner	0.997151295423508	3.2647070709758e-06	6.88398606520772e-06	1.47363838534765e-05	0.00267836926634932	4.65670183548497e-06	1.75276174168982e-05	3.66299764796544e-06	4.47250094778136e-05	6.42799218489165e-05	5.68208239572144e-06	4.91577475577494e-06
AMP22_0155	Rosyface_Shiner	3.19168064475989e-05	2.96976719972295e-06	1.22021067897339e-05	5.44160756254249e-06	2.42975716917366e-05	5.29374077246902e-06	1.50437235666275e-05	0.999851294477781	2.02146270766742e-05	1.12667560252767e-05	1.12891513943328e-05	8.77028166078768e-06
AMP22_0156	Rosyface_Shiner	0.000102533718610088	6.40605719963573e-06	0.000957216829354643	3.09030452553497e-05	1.670441143234e-05	6.79360822436749e-06	0.000245937521895491	0.996382620791594	0.00149624767569465	0.00072685746837167	1.34309656892876e-05	1.43479022074381e-05
AMP22_0157	Rosyface_Shiner	1.65579435625373e-05	0.0205794046614319	6.98715053373469e-06	1.19356111792358e-05	1.10276895700466e-05	5.12205621078679e-06	2.23979350998741e-05	0.979287679255009	2.21531905830224e-05	1.56105605573653e-05	1.26967060674808e-05	8.42727176136351e-06
AMP22_0160	Rosyface_Shiner	9.45628321810746e-06	2.03361187098284e-06	4.17117133685686e-06	5.00140149649712e-06	4.99363728053953e-06	3.8715922657954e-06	2.02126228150964e-05	0.999926772892475	7.27799832439955e-06	7.5823822193364e-06	4.26502405355481e-06	4.36231589474467e-06
AMP22_0161	Rosyface_Shiner	0.0123204177926804	3.63286618704796e-06	0.000127802931305706	1.22408665472728e-05	6.01491051879422e-05	6.7393990470946e-06	0.00864226499235733	0.87497421036164	0.103404908685635	0.000343911747081379	3.87376279805762e-05	6.49834752264537e-05
AMP22_0164	Rosyface_Shiner	1.09617175570646e-05	3.42981329569358e-06	3.90126311671962e-06	7.33066658694154e-06	5.21581613517187e-06	3.14168728568995e-06	7.34372456032696e-06	0.999913778364658	2.16838424184055e-05	1.26337762886092e-05	4.84395800925406e-06	5.73581126486773e-06
AMP22_0165	Rosyface_Shiner	8.63283763806074e-06	5.14324536664014e-06	3.74151328897305e-06	6.1010546685173e-06	6.00497287423342e-06	3.74523700436383e-06	1.20676144022267e-05	0.999920312563578	1.16512291443805e-05	1.13490301409862e-05	3.83322495438449e-06	7.41857777162625e-06
AMP22_0168	Rosyface_Shiner	8.50734408194898e-05	4.89827728194732e-06	6.9339420852807e-06	9.48210979557429e-06	1.3000163584121e-05	1.1216760194176e-05	2.20160573308695e-05	0.784774694303672	0.215031333292524	2.61942223407588e-05	6.27122984384858e-06	8.8860102180246e-06
AMP22_0169	Rosyface_Shiner	1.13624233397985e-05	1.71481865247694e-06	4.63519638913975e-06	4.24833918282362e-06	5.97906368665823e-06	2.89034206542403e-06	7.50266227994197e-06	0.999939360757669	8.31400792829436e-06	4.46703062285813e-06	4.14266641411631e-06	5.38325985866511e-06
AMP22_0170	Rosyface_Shiner	0.00315935271243552	3.8999227194087e-06	8.289628309808e-06	1.00194567838886e-05	1.22824040407856e-05	1.0932091048652e-05	8.38855534001993e-05	0.986860503872236	0.00917717389150206	0.000647369464375196	1.7849245389939e-05	8.44143416235803e-06
AMP22_0174	Rosyface_Shiner	0.000173091895644788	2.63799866553961e-06	1.12881333349553e-05	2.5926741856533e-05	5.34528832045362e-05	6.69014458164533e-06	2.08706173566253e-05	0.758705108662446	0.000100999177414184	0.240874085118373	1.31087999542138e-05	1.27404326513138e-05
AMP22_0175	Rosyface_Shiner	1.28485730609593e-05	2.42076120356386e-06	6.62599643177128e-06	5.61682173508053e-06	5.76438334294929e-06	8.7602174488468e-06	8.58436996369485e-06	0.999918629686038	1.32533473744737e-05	6.41371934879629e-06	4.43221171525957e-06	6.65034301489158e-06
AMP22_0177	Rosyface_Shiner	1.57333136432592e-05	2.62546738647095e-06	0.00301450647975267	8.99163164450056e-06	5.76912895814485e-06	9.35698674102153e-06	2.45255954220592e-05	0.996871388673782	1.49804906292276e-05	1.54917478942096e-05	8.85710311944449e-06	7.77411950802425e-06
AMP22_0178	Rosyface_Shiner	2.1987820625202e-05	4.56549413810343e-06	0.00303219574564149	8.70736875478351e-06	9.72800523359628e-06	7.49339807323016e-06	3.19548120460421e-05	0.996847811102867	1.05978080471087e-05	9.245542305673e-06	8.41651337664207e-06	7.29655147511999e-06
AMP22_0179	Rosyface_Shiner	1.66501817903434e-05	4.64412660933751e-06	8.36384449082832e-06	6.51532730517353e-06	4.07380708827815e-06	4.39997696146092e-06	6.71204961591967e-05	0.999859485288461	1.04394704321024e-05	6.64671253964299e-06	5.31824305278596e-06	6.34360763737134e-06
AMP22_0181	Rosyface_Shiner	7.80404330829937e-06	2.21126098581304e-06	7.02087419542416e-06	4.891417738565e-06	1.97435611372284e-05	5.20263023979907e-06	1.35332582875864e-05	0.999899240215619	1.49209518092353e-05	1.16893414350602e-05	6.64416252722211e-06	7.09923465701835e-06
AMP22_0182	Rosyface_Shiner	9.35086086915738e-06	2.7662276833463e-06	2.7735175239189e-05	4.62750369542187e-06	5.3772198620497e-06	4.68335902640181e-06	1.70725151756484e-05	0.999899560749531	8.01609548314295e-06	8.64135480335415e-06	6.61620260710208e-06	5.55334834733956e-06
AMP22_0187	River_Chub	1.4276700640567e-05	2.3426838235559e-06	0.000105254925133632	6.73500337020679e-06	6.91549097099731e-06	0.999818675756454	8.92109557700993e-06	3.45079403139764e-06	9.34120433672506e-06	1.06745700494327e-05	7.84857517084851e-06	5.5636185918761e-06
AMP22_0188	River_Chub	1.70178456813335e-05	3.0385075583189e-06	8.70496325870263e-06	7.91557330493503e-06	6.58086361206705e-06	0.503868435720603	2.41324021750028e-05	3.13868314807838e-06	0.496026657938957	2.28287347984362e-05	4.73056348627288e-06	6.81861352775636e-06
AMP22_0189	River_Chub	7.84010913413654e-06	2.59011724736647e-06	5.79807753444349e-06	3.80744661690588e-06	4.47629859936396e-06	0.999947064101696	5.33602268208145e-06	2.39238937992293e-06	7.45864852471723e-06	6.19294640248827e-06	3.87108254060903e-06	3.17304870515591e-06
AMP22_0190	River_Chub	1.66414640531664e-05	3.25525278620233e-06	5.85977377649729e-06	5.96533281728628e-06	5.39794075505363e-06	0.999814836581548	9.30998002679702e-06	9.15032201346173e-05	1.69757245489958e-05	1.47190984187851e-05	9.79410655903699e-06	5.74179905192393e-06
AMP22_0191	River_Chub	7.53678573110083e-06	2.29656585794027e-06	4.00922730359755e-06	6.65191929727419e-06	4.24847374357852e-06	0.999950404107571	5.444264893328e-06	3.03016491841901e-06	5.28354910200624e-06	4.77200065132283e-06	3.29602904629072e-06	3.02751780184292e-06
AMP22_0193	River_Chub	9.41182718918077e-06	3.03876383719772e-06	4.01438689748049e-06	5.61652071262674e-06	4.34871831075342e-06	0.999933353443941	5.77623718659697e-06	3.37852587789244e-06	1.22206034049427e-05	9.19774085537949e-06	4.6555038579152e-06	4.98837021894727e-06
AMP22_0194	River_Chub	5.1829316117356e-05	8.37116143644488e-06	1.25765402697758e-05	1.08984995674645e-05	2.15091276039307e-05	0.998723884065946	0.000188410856635192	0.000738750019983939	0.000115200558959221	5.66195665361112e-05	3.71153705559418e-05	3.48347140121088e-05
AMP22_0195	River_Chub	0.00165475433174913	7.69470161417438e-06	9.26654492891229e-06	1.50160813027327e-05	0.000711241428614369	0.992793742358685	0.00157597925765433	7.24693429847743e-06	0.00291050412356387	0.000277944680635318	1.44877025351854e-05	2.21219628614215e-05
AMP22_0197	Creek_Chub	6.12379068047711e-05	1.84573453502939e-05	1.74636433869063e-05	1.13114391235098e-05	5.68253014006415e-06	7.79614820839533e-06	8.99121518709319e-06	7.01199537320348e-06	0.999762979725997	5.22350730923669e-05	2.08754501216933e-05	2.59580741071525e-05
AMP22_0198	Common_Shiner	0.982397642016411	3.92965795086389e-06	4.65798178964618e-06	1.37328906928407e-05	0.0161263157840197	0.00120609121625201	1.95334574349856e-05	4.56151446563538e-06	0.000129076712590336	6.60964716871689e-05	1.46870136314081e-05	1.36756260717772e-05
AMP22_0201	Common_Shiner	0.926883273581664	0.0168214074711626	7.13196707773569e-06	1.24954583495569e-05	4.31534812373498e-05	1.88748222020343e-05	7.04066339909372e-05	0.00269959302727026	0.000109948076168733	0.0532465644857536	5.25213250305729e-05	3.46299430307784e-05
AMP22_0203	Common_Shiner	0.693394769469897	3.31306872130987e-06	6.47745998828083e-06	9.65462655375291e-06	8.8654756267413e-05	5.98239503973261e-06	1.33319388624914e-05	3.53856815470402e-06	0.306428728650014	2.7966225358392e-05	8.6307986930767e-06	8.95214578407358e-06
AMP22_0204	Common_Shiner	0.999826347430547	6.75884139863101e-06	9.64804749910623e-06	7.02676900225188e-06	1.39810587835447e-05	1.33604006862227e-05	2.01226768676907e-05	3.96572723224025e-06	4.30027663238673e-05	3.23491952023261e-05	1.25256334193649e-05	1.09119530581247e-05
AMP22_0205	Common_Shiner	0.998557307362556	2.45215000967813e-06	5.65754490457021e-06	1.16750461291971e-05	2.5516139688391e-05	1.90873602585203e-05	0.000330849463244148	0.00051036149956463	0.000228570075089488	8.14634506111188e-05	8.6285224561634e-05	0.000140775129281206
AMP22_0206	Common_Shiner	0.999654997924964	3.03320092881288e-06	7.9196837239006e-06	9.7652629539071e-06	0.000100936186050046	6.61985050319075e-06	1.2933760061359e-05	3.26487057499353e-06	0.00016339172055135	2.45358305397671e-05	6.44266949052374e-06	6.15917265708261e-06
AMP22_0208	Common_Shiner	0.874138923823834	2.10445854439165e-05	0.0159135542735632	5.73738134147974e-05	0.00277259626210363	0.000262277566609728	0.000312210490188847	0.000149316523670413	0.0767714589601015	0.0257234258783289	0.00192174467965915	0.00195607303453321
AMP22_0210	Common_Shiner	0.994501310944557	2.6404737603162e-06	5.7728481021751e-06	1.01312946901989e-05	0.00503472398294252	4.7826079075245e-06	1.67955587848e-05	5.40718962591654e-06	0.000360918981979826	4.36436320225895e-05	6.46758940389019e-06	7.40516238430293e-06
AMP22_0211	Common_Shiner	0.90438990988334	3.39375108012826e-05	2.70387487237294e-05	8.16882582120878e-06	0.0190332982501326	7.24026954363759e-05	0.000315218735197223	0.0161472101667896	0.0594186554452361	0.000255554750330786	0.000201692842953414	9.69120891001461e-05
AMP22_0212	Common_Shiner	0.996504308025042	0.000145641340538216	6.62914284687471e-06	2.16385649562564e-05	0.000244447937965566	8.2253425458428e-05	0.000133477388840628	8.00321222144946e-06	0.00213023112473265	8.15259010853328e-05	0.000164194455739517	0.000477649096216573
AMP22_0214	Common_Shiner	0.991237700661023	0.00048491299837781	5.10428587042028e-06	1.41108849271476e-05	0.00805978514091112	1.05873819292117e-05	2.76458811867124e-05	4.52985435763144e-06	2.839066268101e-05	4.83288674306332e-05	3.70600736019971e-05	4.1842847275913e-05
AMP22_0215	Common_Shiner	0.999600042839845	2.02650359814171e-05	6.52035574311991e-06	3.64238347698311e-05	0.000115584013377591	1.28423866447015e-05	3.66264891214237e-05	4.71139405236283e-06	8.82058825268906e-05	2.39190072313409e-05	2.79801180083116e-05	2.6878774970831e-05
AMP22_0217	Common_Shiner	0.99985624063015	2.18129503531817e-06	6.84080256053571e-06	7.92354901107596e-06	1.57333290133743e-05	8.44238454040344e-06	1.94434819387521e-05	3.61514853540801e-06	4.20610391734375e-05	2.74985641724973e-05	3.77946455853336e-06	6.24102976267085e-06
AMP22_0218	Common_Shiner	1.0116438141973e-05	3.31200570304395e-06	4.63773591373195e-06	6.00714559378039e-06	7.60909012998801e-06	6.01412656061222e-06	2.02843887573811e-05	0.999903799990813	1.67143729493411e-05	1.02589292440576e-05	5.96556961954995e-06	5.28038106634342e-06
AMP22_0219	Common_Shiner	0.999741979658604	2.81171292614472e-06	4.21859540369669e-06	3.70158404303697e-05	1.50230074394632e-05	5.73971037142791e-06	3.42533163784208e-05	3.73485999951311e-06	8.38136610317361e-05	5.00618245346528e-05	7.96960151743271e-06	1.33784984328495e-05
AMP22_0220	Common_Shiner	0.997306326587995	4.18178201935297e-06	4.90585843070995e-06	2.83067617283413e-05	0.00230282907562793	9.87675237320115e-05	5.46634818608409e-05	5.38107908093799e-06	0.000102281165044977	3.30755381890966e-05	3.06943680763669e-05	2.8586966610432e-05
AMP22_0221	Common_Shiner	0.436276335229476	4.00842066009434e-06	8.09893940920713e-06	7.68713904865832e-06	0.0271846314640716	1.73751825967091e-05	5.60346548083557e-05	0.536376223623753	2.8680720894141e-05	1.27346601066235e-05	1.5793576193674e-05	1.23968473115126e-05
AMP22_0222	Common_Shiner	0.999775795777639	3.2211291533173e-06	5.38530555089228e-06	7.74694375659012e-06	3.90494440764323e-05	8.07075550622513e-06	1.70343425295524e-05	3.9860718610717e-06	9.30571088077948e-05	3.20251145817822e-05	6.29581687331368e-06	8.33283851169207e-06
AMP22_0225	Common_Shiner	0.530255529711644	3.28517449369275e-06	4.45039590210071e-06	6.94483940520389e-06	0.469534865687291	4.45099348167752e-06	3.08077553597335e-05	8.1070502964648e-06	0.000119960708946212	1.77813844939195e-05	6.24924798394462e-06	7.56656754139726e-06
AMP22_0226	Common_Shiner	0.723811668435733	3.10855979586943e-06	5.30402817201396e-06	8.95261858851797e-06	0.00381833160754225	5.7238160690993e-06	1.22772303879627e-05	3.18804262765648e-06	0.272299954762061	2.00853964528508e-05	5.90222197277683e-06	5.50322879328019e-06
AMP22_0227	Common_Shiner	0.999579058527946	5.90481706738293e-06	8.95765008409486e-06	2.09341524927165e-05	2.13232213981286e-05	6.37072029081353e-06	2.76051239997325e-05	2.65469601301004e-05	0.000181505085173312	7.29006030192873e-05	2.10400115399604e-05	2.78533311250633e-05
AMP22_0228	River_Chub	1.42080942971474e-05	2.91129280648619e-06	6.32627615690028e-06	5.02370517565079e-06	4.15393992253894e-06	0.999920775592327	8.07780918596686e-06	2.89342516777206e-06	1.06272614891209e-05	1.41147904326791e-05	5.2534043311525e-06	5.63539553432513e-06
AMP22_0231	River_Chub	0.000206229927208417	5.89900227057974e-06	1.29271591004707e-05	1.89913829554716e-05	1.03482250586583e-05	0.999482511103153	6.81977446240007e-05	4.66158538192145e-06	0.000121353370462261	5.03423274872163e-05	1.0927312260651e-05	7.61096957473676e-06
AMP22_0232	River_Chub	9.6336364332111e-05	6.23012789919726e-05	0.000101767202905668	0.000126127436946276	3.2515376423711e-05	0.580371731589238	0.000141497446768109	4.83527216651112e-05	8.9826487597684e-05	0.400965103248755	0.00863838889027503	0.00932605197750594
AMP22_0234	River_Chub	0.000186942088980291	2.96307380436188e-06	9.4141879116575e-06	1.45325879616953e-05	1.52643726281135e-05	0.967018509844939	2.42726171068334e-05	1.31526049062869e-05	0.0326062616215398	8.16155887845514e-05	9.53719891267041e-06	1.75340096700384e-05
AMP22_0235	River_Chub	5.31553317432411e-05	4.49386903069349e-06	8.07261599229677e-06	0.0119010246065445	0.00159343143370397	3.60509654530537e-05	3.32948142784211e-05	0.0156119015521059	4.94073538217084e-05	0.970676896413167	1.43207404542158e-05	1.79501816133654e-05
AMP22_0236	River_Chub	3.2192782017648e-05	6.03851166477634e-06	1.38495524845445e-05	1.68459635759411e-05	1.18347078348245e-05	0.959190857688586	5.90508444447647e-05	0.00677911826556859	0.0336808021627367	0.000147960672083556	2.98480694334863e-05	3.1601243119725e-05
AMP22_0237	River_Chub	7.06422247442507e-05	4.17373278965737e-06	5.87026913292548e-06	1.46190138020836e-05	1.63348631157499e-05	0.99882441397508	3.41167167909576e-05	1.37190307867392e-05	0.000126849413143328	0.000842335067235771	2.42201143873397e-05	2.27059751475402e-05
AMP22_0241	Creek_Chub	0.000115670677619373	1.59822417150763e-05	2.74248738306159e-05	0.00697443536157634	6.6823996411458e-05	0.000187442560270965	4.21359404021704e-05	0.000185397146936597	0.000216560164453766	0.977619263788064	0.00996092255049588	0.00458794058515682
AMP22_0242	River_Chub	1.35427621612452e-05	2.93307293683239e-06	7.63913058000291e-06	6.50824016199912e-06	8.27914997083922e-06	0.508020216504733	1.47596248687235e-05	3.93369636027806e-06	6.52280528356287e-05	0.491845936228832	4.14664625536137e-06	6.87682282780019e-06
AMP22_0243	Common_Shiner	0.948676276246707	3.66741543154091e-06	7.28963542803116e-06	9.31527577238381e-06	0.0238073090647037	0.00857139616257822	1.48174578859743e-05	6.05567518568525e-06	0.0187380585706366	0.000144010485045838	1.06611979542596e-05	1.11431301774157e-05
AMP22_0244	Common_Shiner	0.92273437645038	3.86845052438426e-06	6.41203380677073e-06	1.12453610750515e-05	0.008882517648725	3.79358370032053e-06	4.09288356307605e-05	5.22666848439458e-06	0.06826829389669	3.05878148607007e-05	7.26254042010561e-06	5.48607591336646e-06
AMP22_0245	Common_Shiner	0.755720846056938	2.23910956933668e-06	5.97426722814419e-06	1.06937396292934e-05	0.0154752920859804	5.39341204133143e-06	6.84607998411814e-05	0.0162927564627801	0.212332461799184	6.40956636100071e-05	1.06364612105826e-05	1.11502352849591e-05
AMP22_0249	Common_Shiner	0.987525173008442	3.08109188607055e-06	6.68229818120229e-06	1.08251383595317e-05	0.00702261505665956	1.05556629700934e-05	2.10249186905307e-05	2.75635466256936e-06	3.77734499544423e-05	0.00534408398590328	8.72986585888789e-06	6.69929143294283e-06
AMP22_0251	Common_Shiner	0.763606558819612	2.6726319271321e-05	1.40858324561494e-05	2.78407142525942e-05	0.00846981920035578	2.02005220150343e-05	0.000141204171593325	0.000296068433391198	0.14752187691691	0.0793879729602486	0.000132960042174907	0.000354686192045178
AMP22_0253	Common_Shiner	0.978684471547604	0.00706082643739258	7.45808773323867e-06	1.7985146312663e-05	0.0131793783837153	8.33343470066128e-06	0.000476905914181174	7.5245162658894e-06	0.000178616587480665	0.000319346439739927	4.23282749954463e-05	1.68249375066438e-05
AMP22_0254	Common_Shiner	0.972240923623244	1.04511594305156e-05	0.00512287226281507	7.2858833574733e-05	0.00889739699131496	6.11281766752307e-05	0.000136471066725165	0.00213564454467411	0.00123054812919364	0.00323276969974617	0.000128410372019781	0.00673052507393085
AMP22_0255	Common_Shiner	0.989942704339822	2.71545173645754e-06	0.00960126672654102	1.28771104013359e-05	4.90579659418505e-05	6.92800559770645e-06	0.000212868357580895	2.01198711932031e-05	7.79861627131223e-05	4.84849204612021e-05	1.32468812557471e-05	1.17446951161617e-05
AMP22_0258	Common_Shiner	0.378518050005039	2.65176019259342e-06	6.24491927046711e-06	1.05828444850224e-05	1.79597194034446e-05	7.38412698803258e-06	1.83921557678563e-05	3.18986497604211e-06	0.621357735176881	4.49199201562631e-05	5.76454195232035e-06	7.12497211674426e-06
