Mandeville_ID	Common_Name	1	2	3	4	5	6	7	8	9	10	11	12	13	14
AMP19_0002	Western_Blacknose_Dace	1.82415893088946e-05	0.0295391533640552	1.39555523584653e-05	8.0996010182441e-05	0.353462697441379	0.0585674330852197	1.29231782369647e-05	0.0115258867253142	0.51852892738084	4.50448857921612e-05	6.15267096322129e-05	0.00962098962013129	9.60882149443818e-05	0.0184261360565665
AMP19_0003	Western_Blacknose_Dace	3.04839529208947e-05	0.0479324557754519	1.34559873414523e-05	0.0159541571319763	0.276836192774276	0.0273138455642767	0.0891461923538397	1.74803808881402e-05	0.525847423354785	4.87167422825688e-05	0.00123985248885735	0.00557706689706237	0.000499010459707229	0.00954366642301794
AMP19_0004	Western_Blacknose_Dace	1.05735562449652e-05	0.435389314020053	4.37348033820417e-06	0.062736784402281	0.00530346588381407	0.492217882968458	0.00295706183254062	7.54334333544464e-06	0.000892449515981617	4.897888037648e-05	4.33631743319013e-05	0.000133329301403118	3.51102451945135e-05	0.000219769466267152
AMP19_0005	Western_Blacknose_Dace	0.93690516286095	0.000398101371453751	4.23977114968142e-06	0.0163488655614977	0.000101623595912868	0.000288280141375767	9.6482259685831e-06	2.05211088077539e-05	0.0458463864121586	1.40337134466897e-05	1.43665444603817e-05	1.4161382584151e-05	2.25075620622005e-05	1.21019547456224e-05
AMP19_0007	Western_Blacknose_Dace	8.30257583035556e-06	3.02495572592008e-05	3.12225180450286e-06	0.0298770347672204	2.05515781728504e-05	2.42174964998299e-05	3.66992667289668e-06	6.61292217324387e-06	0.969904708604018	1.12498047530868e-05	9.99103631322121e-06	3.30472805549665e-05	1.88393619854047e-05	4.84028913508989e-05
AMP19_0008	Western_Blacknose_Dace	2.1419652324873e-05	0.00770957254609826	2.62061182502882e-06	0.0623892279130717	3.02347947565727e-05	0.0117473404045095	7.62393700533332e-06	3.12487936853968e-05	0.911295297682285	1.51617718236269e-05	0.00489418189487807	1.08432030006878e-05	2.72263666467485e-05	0.00181800082976409
AMP19_0009	Western_Blacknose_Dace	8.24368949227715e-06	0.710533447851737	3.43668078798644e-06	4.61086880781744e-06	2.33944973672675e-05	0.289302632392833	3.37314003682373e-06	6.6393151313435e-06	7.48355368530551e-05	5.09111212189516e-06	5.8583705854455e-06	5.71561106730276e-06	1.61375611876653e-05	6.58394104799151e-06
AMP22_0004	Creek_Chub	1.475864242222e-05	0.00229918528236132	9.65014113514831e-06	7.73551578455016e-06	0.155486812432607	0.00263999040542813	5.69760790968616e-06	5.25938834412976e-06	0.839374777257442	1.98913831998998e-05	2.35676359667859e-05	3.36862122548706e-05	4.34800630556292e-05	3.55078520107505e-05
AMP22_0005	Western_Blacknose_Dace	1.37498503666666e-05	0.957571805536747	0.00546779686643276	1.04742288755392e-05	0.0314394464253758	0.000981887048540531	0.0040983656240569	5.61807808443114e-05	0.0001695404901559	4.50492740614883e-05	3.43023181923493e-05	3.30237733255073e-05	5.55388452529067e-05	2.28387683001474e-05
AMP22_0007	Western_Blacknose_Dace	8.68197090089858e-06	0.474969869482021	3.26485678288161e-06	9.80646343752754e-06	0.024518108239087	0.499260100460274	3.83084661895959e-06	6.6102788878385e-06	0.00113864006617697	1.54365431623506e-05	1.4057371173133e-05	1.53396535478754e-05	2.38495778889557e-05	1.2403926114703e-05
AMP22_0011	Western_Blacknose_Dace	9.83381836737584e-06	0.479986646141857	0.00204211666873501	6.35511756491197e-06	0.0001488716459256	0.517628061496205	6.2363335094121e-06	5.81522598933912e-06	9.99540527206866e-05	1.1702887345398e-05	8.1453116315259e-06	1.174568236581e-05	2.23895824016692e-05	1.21262727758605e-05
AMP22_0013	Western_Blacknose_Dace	3.71330662581487e-05	0.450476081764326	6.4866557951976e-06	1.49521850854611e-05	5.79724489672885e-05	0.541775879319829	9.01180208155581e-06	2.09192458305254e-05	0.00738033210034715	2.46882296485654e-05	2.57380271553464e-05	1.76567648444289e-05	0.00012795385477961	2.51947589677022e-05
AMP22_0014	Western_Blacknose_Dace	9.51728444849087e-06	0.485255452531079	2.83844191255826e-06	4.94765206616195e-06	5.07976383794265e-05	0.514586844124508	3.18411403263103e-06	6.57549931226321e-06	3.79910193011199e-05	6.5492640052464e-06	5.0970261388246e-06	6.69716708299255e-06	1.5064864835196e-05	8.44379917868112e-06
AMP22_0015	Western_Blacknose_Dace	2.58414772166908e-05	0.490217124591271	2.39973378291803e-05	6.01173679146027e-06	0.000149638546320536	0.509363981566277	3.70010320896633e-06	6.01573723600524e-06	8.83818744229548e-05	1.95435409786925e-05	1.94926727039849e-05	2.19363553911479e-05	1.69781938805907e-05	3.73560922487141e-05
AMP22_0017	Western_Blacknose_Dace	3.91651438973405e-05	0.404473542191088	1.77400975120026e-05	0.102587877264867	0.119589706276233	0.365933971942893	0.000130172484224275	4.80164121475499e-05	0.00486331395379366	0.000228702796387165	0.000163373528993224	0.00062473013069047	0.000394755989914046	0.000904931753059896
AMP22_0022	Creek_Chub	9.60275101613202e-06	0.000535774964822899	0.0453931547639271	1.33742612747331e-05	0.0116985009286237	7.56789982506191e-05	6.65313409059811e-06	5.92698660204682e-05	0.941845456411441	6.82247976216518e-05	7.16600020842032e-05	5.93411105187081e-05	0.0001251033645895	3.8204616545e-05
AMP22_0023	Creek_Chub	1.65833064273723e-05	0.00573835123562823	6.49543880514106e-06	0.0322794109784688	0.0312533607149186	0.00944244482039413	3.67846994805572e-05	0.0079344139615035	0.912945286939541	7.16131601903741e-05	9.6995620752938e-05	5.53142691405492e-05	7.8208557294504e-05	4.4736549393692e-05
AMP22_0024	Creek_Chub	0.00963009329920169	0.341471591695522	1.76906114075495e-05	1.76000939141776e-05	0.00279277459939299	0.410420481694201	6.07599732696985e-06	0.000641285118463791	0.234649891833464	9.39486103151043e-05	0.000127768264521032	5.98876810348528e-05	1.93894206776287e-05	5.15209256892664e-05
AMP22_0028	Creek_Chub	1.41759376091036e-05	0.000267460431498943	4.18760961382443e-06	9.00322474807621e-06	0.000112841602598765	9.40664585937981e-05	1.77570654177486e-05	6.88478170559697e-06	0.453175713529189	1.37475511171232e-05	1.61359061867041e-05	1.7164372821593e-05	0.546234775995215	1.60857920190156e-05
AMP22_0029	Creek_Chub	2.48852399780139e-05	0.000148105888469275	6.63766933565128e-06	2.43516059365657e-05	0.382863155469298	5.87139719296972e-05	0.013196948300659	0.011613086476922	0.591799748892585	3.73566957737817e-05	3.67906215978263e-05	6.19866769743768e-05	9.48976655647044e-05	3.33350828086418e-05
AMP22_0030	Creek_Chub	1.06200638461633e-05	0.00138599569310446	4.76076272981085e-06	0.00900495917745866	7.8815912661921e-05	0.000251756361042409	9.87761439942305e-06	9.47020301123545e-06	0.989117274731398	1.95196862603224e-05	2.65956261650223e-05	1.79937406017038e-05	4.90832339097912e-05	1.32773312687713e-05
AMP22_0037	Creek_Chub	3.57884646746114e-05	0.00492187109371133	1.19118165635502e-05	0.000589293346534549	0.0559533781058465	0.00655978547348729	1.61035160454039e-05	0.0537367572089036	0.877226952791214	0.000198052248179515	0.000212436110136709	0.000256567752427397	7.22687284996105e-05	0.000208833261468108
AMP22_0038	Creek_Chub	1.20098378646674e-05	0.000102154948579923	4.24655699340533e-06	1.22475581173576e-05	4.65424108036206e-05	0.000116682102403188	5.9837543431348e-06	1.11921638691581e-05	0.999614287704229	1.02019139518808e-05	1.01752730518653e-05	1.17830834225354e-05	2.63382570575956e-05	1.61550253351377e-05
AMP22_0044	Creek_Chub	1.17698924943165e-05	0.000488504972323722	4.54805834302279e-06	7.43584973142232e-06	0.105231124598533	0.000427838620837807	1.6328862330387e-05	6.64663267445727e-06	0.893700035144885	2.81335970386922e-05	2.22070028739889e-05	1.4747370014031e-05	2.50528170486546e-05	1.56263942499456e-05
AMP22_0045	Creek_Chub	2.79156622415849e-05	0.000884954039328532	5.27284552697054e-06	1.4915247837664e-05	8.7986655055611e-05	0.000103004388634308	7.48148300044345e-06	1.76220499639141e-05	0.998702999661366	2.11685377522301e-05	1.46685365974719e-05	1.97564599110765e-05	7.21265262135307e-05	2.01283449594189e-05
AMP22_0046	Western_Blacknose_Dace	1.42806007278921e-05	0.470493876835952	3.59606543293797e-06	0.000105360960056035	2.92337991385459e-05	0.528984500836375	5.06377919398601e-06	5.98390250140419e-06	0.000175645669792647	1.98500640076762e-05	1.54299402486645e-05	1.15271771858026e-05	0.000117782558192987	1.78682954032634e-05
AMP22_0048	Creek_Chub	5.85156215646324e-05	0.00983091463215476	3.26484443375625e-05	2.85887126412897e-05	0.000265704858319378	0.00837062921594414	3.48289237376796e-05	0.979248596101999	0.000938720471127394	0.000396749540177125	9.33776419844234e-05	0.000105640394723137	0.000546116822163897	4.89689244638613e-05
AMP22_0051	Western_Blacknose_Dace	2.66958483476799e-05	0.445339299848303	7.98981579350035e-06	1.3841370581262e-05	0.000140665705035482	0.551863982517975	7.17646676453783e-06	0.0020880508272604	0.000340934641380231	3.67125215236379e-05	3.31423922751666e-05	2.31421152387359e-05	3.2255171125012e-05	4.61109855636849e-05
AMP22_0052	Western_Blacknose_Dace	8.3945475960725e-06	0.519157901967565	2.53714843967451e-06	5.75036739637944e-06	9.77431884146126e-05	0.475932840363327	5.36643770651356e-06	6.7343877367714e-06	8.42817454383424e-05	6.95701289741678e-06	9.21124638742599e-06	0.00166800172443963	5.74070057920843e-05	0.0029568731033896
AMP22_0053	Creek_Chub	1.27455135865808e-05	0.0803563693289955	1.54663797596156e-05	8.75084719323648e-06	0.0515264984381696	0.000244275398233318	4.49997722454067e-06	0.00177572610435591	0.865812382251024	8.43672779621197e-05	5.51371188135614e-05	5.53018633692399e-05	2.23613706473792e-05	2.61182488237846e-05
AMP22_0054	Western_Blacknose_Dace	8.01924007951414e-06	0.543638358304898	2.72911160345047e-06	6.64584514380447e-06	2.26664409525174e-05	0.456128428008916	3.45827041856646e-06	6.72042702704568e-06	0.000144548767817227	4.91348505859291e-06	4.87240814128125e-06	6.19247792723602e-06	1.48931377171505e-05	7.55417587133382e-06
AMP22_0058	Creek_Chub	9.03578409538315e-06	2.77332852829685e-05	3.13928539958555e-06	7.94057981762075e-06	0.0114568120789481	3.2168457759143e-05	4.74455624318735e-06	0.00336104539684068	0.985025381346544	1.06099984817401e-05	1.05240143932264e-05	8.01754282235553e-06	3.15920111304691e-05	1.12554740812809e-05
AMP22_0061	Creek_Chub	1.12583218482465e-05	3.75938780829376e-05	5.6476985332713e-06	1.7138675456443e-05	2.58834475011903e-05	3.27235084684102e-05	5.71318087972955e-06	3.67865618818e-05	0.999730072418849	9.96375047496817e-06	9.9925750275395e-06	1.29590715741071e-05	5.26606693080477e-05	1.16066680487167e-05
AMP22_0062	Western_Blacknose_Dace	1.07697991470012e-05	0.38421981033807	7.77815696250702e-06	1.18874034273441e-05	0.182135884021719	0.432435682091905	7.84038288202384e-06	2.56239489855197e-05	0.0004995145547492	2.51418815703699e-05	2.32802074847622e-05	0.000271043429810684	3.28649194026697e-05	0.00029287871032922
AMP22_0067	Creek_Chub	2.68635336855379e-05	6.64616809454491e-05	1.25037885208098e-05	2.41919237200885e-05	7.39630193579797e-05	5.41793520175839e-05	0.0244979621476183	1.53898912481272e-05	0.974876335074504	1.62441207393689e-05	2.89176314829235e-05	2.73413106615987e-05	0.000239285712005274	4.03605579796212e-05
AMP22_0071	Creek_Chub	2.59821474722855e-05	0.486602692869802	0.00034096328941734	9.62241320613237e-06	0.10664070302248	0.405796863285922	6.08352732170701e-06	3.28383633999912e-05	0.000205856754750455	8.26875350770308e-05	5.94232462215134e-05	6.26859233543367e-05	4.97470377722992e-05	8.38505486382924e-05
AMP22_0072	Creek_Chub	1.00507778326869e-05	0.00281604351275083	6.53235918056167e-06	0.038985404441754	6.45803126200525e-05	0.000116128745265211	3.03054337965016e-05	0.00595655945424611	0.951601867149274	0.000135797538457488	0.000120599075560478	7.44935437461768e-05	2.78688092729479e-05	5.37685272351373e-05
AMP22_0075	Creek_Chub	2.66669632067157e-05	0.000306735676211078	0.000349747190744466	2.13700058263037e-05	0.000106331878603458	0.000948578962058731	1.36070231502472e-05	9.12945572103945e-06	0.994761827737093	0.000837253564411602	0.00145337436685451	0.000786899824503996	0.00019155678757661	0.000186920518497512
AMP22_0082	Common_Shiner	3.50750567208214e-05	0.000239793669975938	9.05233668591446e-06	1.13399051968377e-05	0.977994846254587	0.000311958026475883	0.0171890802822697	0.000431384155762878	0.00153872935144497	0.00066639723161782	0.000427982322208849	0.000644271386909143	3.98561656538888e-05	0.000460233893329892
AMP22_0084	Creek_Chub	1.69234983429412e-05	0.00173268254782127	2.88559861165706e-06	6.13229161000867e-06	0.0521597430116187	0.00114369237605599	3.5561820775357e-06	7.02462890560431e-06	0.94322351377209	4.44632487430823e-05	4.9610960226123e-05	0.000349092432674181	0.000379746871390428	0.000880932803747444
AMP22_0085	Creek_Chub	4.38374503409906e-05	0.000100374767218546	0.0590217446939399	0.000657612591770397	0.686600024759769	0.00204918617947027	0.0688923647298167	0.00443355665830183	0.144006720545857	0.00298670448724235	0.00352831777964036	0.0101173956762953	0.000161460497192506	0.0174006990701725
AMP22_0086	Hornyhead_Chub	0.000235892374895484	0.554130792473753	1.82499683334512e-05	2.46952942034556e-05	0.000280425287354889	0.000225969783917376	4.7488869293655e-05	0.0452653070290883	0.0029475031125701	8.67147707046013e-05	0.000111912240388688	0.128479641225624	0.00509302625011275	0.26305238134407
AMP22_0088	Creek_Chub	1.05197101148656e-05	4.19341212136155e-05	2.60847207158416e-06	6.06867314529431e-06	3.1219143008608e-05	3.60804797611455e-05	2.39315930974803e-05	0.000106870740966045	0.99962408097585	3.18939094289554e-05	2.95135055863112e-05	2.19055444860917e-05	1.6167931626632e-05	1.72057502574105e-05
AMP22_0093	Western_Blacknose_Dace	1.21036782263848e-05	0.238685446483394	4.53442283278542e-05	4.80637154009294e-06	5.42445624484169e-05	0.014365548345663	4.33419792700069e-06	0.000366995843465265	0.740886739104986	5.21223291347739e-05	8.83591110748364e-05	0.0018093984908286	4.8184360401991e-05	0.00357637225742533
AMP22_0094	Western_Blacknose_Dace	2.16113070367909e-05	0.821777894854546	5.66893260926664e-06	1.92708991656479e-05	4.13167751488702e-05	0.177747820678392	1.26619563871671e-05	8.65720705197974e-06	0.000229358556644584	1.4352516434418e-05	1.4575519182048e-05	2.84448339982709e-05	3.39922000540629e-05	4.43735273277371e-05
AMP22_0095	Western_Blacknose_Dace	2.67522753497464e-05	0.725613892892996	0.19487110110869	0.0559328079593057	0.00609719038974022	0.015953381661201	1.63157401831317e-05	0.000120253502062246	9.69603963990879e-05	0.000273552265835876	0.00030442857168281	0.000254126988191443	0.000265875783773018	0.00017336054072637
AMP22_0096	Western_Blacknose_Dace	1.22619683128182e-05	0.887043444037437	2.98469912739489e-06	0.00336442048403136	0.00932111675581843	0.100023372809208	3.53963789861982e-06	7.44650106310403e-06	0.000115736267023745	1.04863316614981e-05	9.8886122696144e-06	1.22492037336342e-05	3.22990345346264e-05	4.07536779972599e-05
AMP22_0099	Western_Blacknose_Dace	1.22159822970801e-05	0.930395292123159	5.65952073269685e-06	0.00468901863828973	8.19751273170037e-05	0.0643346469825331	1.8766134814376e-05	1.09752251643964e-05	0.00021705945834802	1.39516007982607e-05	2.22716972450861e-05	1.42949471926479e-05	0.000172735445308388	1.11369925403633e-05
AMP22_0101	Western_Blacknose_Dace	1.12089798766422e-05	0.928736838976542	1.01223963571779e-05	5.22163770636609e-06	4.12623426354542e-05	0.0526724742244116	4.36905736437951e-06	1.22041039027079e-05	0.0184338996420327	1.01286430404677e-05	1.34604868276443e-05	9.70892148623511e-06	2.74652849277289e-05	1.16349426152983e-05
AMP22_0102	Western_Blacknose_Dace	2.09248063895902e-05	0.836074969768524	1.31319666858733e-05	8.87709108842982e-06	0.0553102244318773	0.10778462174003	6.3264296810563e-06	7.88756063446809e-06	0.000372852202968122	2.52777785286299e-05	2.57534479832736e-05	0.000146782613349453	4.29211932264556e-05	0.000159448576659023
AMP22_0105	Western_Blacknose_Dace	1.32569697806096e-05	0.941810832391183	1.05446101515852e-05	8.77681400482959e-06	4.07980189985335e-05	0.0571790536732956	2.56071116326611e-05	9.91578312896345e-06	0.000768083064926752	2.65287416032447e-05	2.67510346052241e-05	2.01537158162533e-05	3.74182986073885e-05	2.228007746426e-05
AMP22_0106	Western_Blacknose_Dace	7.937657735288e-05	0.837524378081163	0.0134774434534678	7.71799588023635e-06	0.0181707748499149	0.0985910916779131	1.43031823184469e-05	6.85445217691948e-06	0.000980231927667151	4.27513471248874e-05	3.99108690850221e-05	0.0102562840880316	4.26370914258837e-05	0.0207662440844239
AMP22_0107	Western_Blacknose_Dace	1.27872583420503e-05	0.702381260350347	0.131626396330694	0.00587691502106565	0.000293172770582213	0.140443034828998	1.42824052342682e-05	1.07413689603993e-05	0.000241647423474747	3.24929426788153e-05	3.17984669598523e-05	0.00622155622874163	5.74340442269838e-05	0.0127564806761824
AMP22_0108	Western_Blacknose_Dace	7.44997305569481e-05	0.769460565388203	0.0637307935468853	0.0148339754944512	3.58201947733474e-05	0.145565173279284	0.00593145300665249	9.30509177008018e-06	0.000168103878522882	3.82342686818406e-05	3.18700070929388e-05	2.12184415669573e-05	7.36652921734492e-05	2.53220113879124e-05
AMP22_0110	Western_Blacknose_Dace	1.96632569527961e-05	0.466416163057089	0.00423106694731784	6.1073902001517e-06	5.66684755589393e-05	0.0374118041922496	4.29802521434979e-06	5.40309152702897e-06	0.491773312732577	1.29564142438588e-05	1.3204428785376e-05	9.48011773540568e-06	3.0627746442148e-05	9.24419034998982e-06
AMP22_0114	Western_Blacknose_Dace	1.22938477237838e-05	0.904651686112086	3.32848641238568e-06	1.41101179096912e-05	7.63947670478151e-05	0.092141950051826	0.00284391594585872	1.42631387465879e-05	0.000121510848370102	1.23288668253795e-05	1.15379745729101e-05	8.71327793261359e-06	7.38153882875376e-05	1.41521345653046e-05
AMP22_0116	Western_Blacknose_Dace	2.91223178002722e-05	0.881985366175572	0.00417966896568153	5.87639177384896e-06	0.000115236631830733	0.113473051835323	5.26975524933191e-06	6.87920737678274e-06	8.99203977010829e-05	2.12525646335824e-05	2.08089244883694e-05	1.90664056944806e-05	2.7569087504981e-05	2.09116353191891e-05
AMP22_0117	Western_Blacknose_Dace	1.0449539781468e-05	0.926795329540968	4.00238314215354e-06	9.22888202517822e-06	2.74426493296693e-05	0.0728921997134354	3.42144448486712e-06	8.73570268634349e-05	9.41043791960273e-05	1.23813401478902e-05	1.85362759093814e-05	9.17173422243807e-06	2.48180243043295e-05	1.15573914146886e-05
AMP22_0118	Western_Blacknose_Dace	3.65154757474926e-05	0.902522546986739	0.000389398916956947	8.21427153461225e-06	2.79970770069837e-05	0.0968772927283672	3.59294235279888e-06	7.90253842371705e-06	4.0907392798154e-05	1.46314753930167e-05	2.44706046933028e-05	1.54236870959202e-05	1.57251196134554e-05	1.53805304250911e-05
AMP22_0122	Creek_Chub	1.08314591884326e-05	3.31815812944344e-05	2.84393765883078e-06	5.45028585763857e-06	2.8468593739075e-05	2.17535666984491e-05	4.67993994901848e-06	5.28608972724435e-06	0.999845908443133	5.87811510616363e-06	3.95541804711995e-06	5.47576325526392e-06	1.86670440221042e-05	7.62030812203849e-06
AMP22_0123	Creek_Chub	0.000126510941980302	0.00503333716549923	9.19893391983257e-05	6.93927490585797e-06	3.04565680126613e-05	0.000410555934537467	6.06939156503405e-06	8.91725201130221e-06	0.994001247088114	7.98638627079603e-05	8.09660996437503e-05	7.96682483829357e-05	1.45128524392686e-05	2.89660785783142e-05
AMP22_0125	Creek_Chub	1.06301970786392e-05	0.000116327371370052	3.51838172539889e-06	5.92523435034422e-06	3.03747499284442e-05	5.30182754498648e-05	5.25718589964752e-06	5.79851808971345e-06	0.999719355473916	7.83001345041826e-06	6.17761064721684e-06	8.19714905315308e-06	1.86722268929337e-05	8.91843015050111e-06
AMP22_0126	Creek_Chub	8.58681461981674e-06	3.4479210527323e-05	2.88996387714113e-06	5.11947599520944e-06	3.18838927896698e-05	2.2018301465768e-05	3.70614520842639e-06	2.50212568912618e-05	0.999813859860102	7.94430829362286e-06	8.82294636775959e-06	7.84378825506381e-06	1.89658034867265e-05	8.85845210774827e-06
AMP22_0127	Creek_Chub	4.97450706941816e-05	4.42804323080325e-05	3.84879989319832e-06	5.48491716633603e-06	3.73502302284344e-05	2.13884253732566e-05	3.39775619386964e-06	5.03867031186647e-06	0.999780722181002	8.65155928830828e-06	7.0451266156362e-06	6.53086014628241e-06	1.84924518452729e-05	8.02417573191797e-06
AMP22_0128	Creek_Chub	8.99870981141141e-06	0.000417087986854274	2.70914737751891e-06	5.38062932053732e-06	3.13559468168808e-05	1.70256061101529e-05	3.89664292587903e-06	5.53678418244575e-06	0.999442824115356	1.23852797364137e-05	1.04174271393998e-05	1.04880538397733e-05	2.23577408469538e-05	9.53608205128987e-06
AMP22_0129	Creek_Chub	1.02797499659065e-05	4.32964037651914e-05	2.02596699063082e-05	5.8317278522905e-06	0.000140282203287959	2.22106091402521e-05	4.36367641924898e-06	6.19921962637636e-06	0.999674128433069	1.06838829067471e-05	1.28244385648347e-05	1.26599893060001e-05	2.45788036598318e-05	1.24016993601858e-05
AMP22_0130	Creek_Chub	1.07389359067902e-05	4.62062861660485e-05	2.97613170969056e-06	4.604698676056e-06	0.0258994116935258	6.43460643463599e-05	3.86288920421984e-06	0.000239082488237141	0.973638295104106	2.12601416013475e-05	1.88148466412211e-05	1.53083583138611e-05	2.48406719373188e-05	1.02515508153367e-05
AMP22_0131	Creek_Chub	9.13875147181515e-06	4.37224175065033e-05	2.75305569598592e-06	5.83572390204192e-06	3.7184788694132e-05	3.09600896875259e-05	3.46961000965093e-06	7.90601670698688e-05	0.999722576191028	1.12700079469601e-05	1.24625950708458e-05	1.00299465908609e-05	2.17087721637561e-05	9.82786113256079e-06
AMP22_0133	Creek_Chub	5.06938204233609e-05	0.392734719226758	1.99415937778274e-05	2.76726437527487e-05	0.168095538984984	0.00157075567847222	1.64620193325523e-05	2.51599601880191e-05	0.437279843345284	2.61057599575094e-05	4.61574817696254e-05	2.3639993148418e-05	4.4751251958842e-05	3.85582054276365e-05
AMP22_0136	Creek_Chub	7.63660244793568e-06	3.09784370743137e-05	2.63780086013973e-06	6.07023713170499e-06	3.7208484863904e-05	1.98331228816479e-05	4.06684024913628e-06	6.40693008142379e-06	0.999841203520695	6.55776015178508e-06	5.9383373451838e-06	6.37085963265659e-06	1.73525219159189e-05	7.73910373586357e-06
AMP22_0141	Creek_Chub	9.6187923594145e-06	0.000191134910856815	3.35833034417437e-06	6.08277972414439e-06	0.000109838564161658	9.10398765224614e-05	0.565215397129456	5.1860888383604e-06	0.434234463800987	1.27214899969437e-05	1.25757575434301e-05	1.07622933410114e-05	8.28782342002343e-05	1.49415336209863e-05
AMP22_0142	Creek_Chub	8.87615970418203e-06	3.218883126084e-05	3.16479651806421e-06	5.79876925534995e-06	4.70686013787062e-05	2.76779638708911e-05	3.73346909795845e-06	6.20706805845921e-06	0.999824260075887	5.36797208824488e-06	5.48855658508937e-06	6.41403697680294e-06	1.55615779925913e-05	8.19283262065801e-06
AMP22_0143	Creek_Chub	2.14514020290778e-05	0.000117729221548981	2.69313802405487e-06	5.09596443366836e-06	0.000890716084338261	4.33933557189896e-05	1.75487250397287e-05	6.37277755078746e-06	0.998736043830713	2.39500563938898e-05	2.00349945718461e-05	4.54257381634412e-05	1.54750139792125e-05	5.40702102482686e-05
AMP22_0144	Creek_Chub	1.19202388211212e-05	0.000220033678712085	2.56247239823401e-06	5.97809901459824e-06	4.01627765934892e-05	0.000184537836190527	3.94024662225194e-06	7.13058668427468e-06	0.999359966983398	1.10843509082987e-05	1.53352157777993e-05	3.34399462243199e-05	2.63741980350831e-05	7.75338464507856e-05
AMP22_0145	Creek_Chub	7.43538469980119e-06	2.78811761901989e-05	2.82902217664968e-06	5.86041661073087e-06	2.01966253131572e-05	3.47043437346219e-05	3.16828201392078e-06	4.98880544199048e-06	0.999859038203955	5.26781194301537e-06	4.49836387232538e-06	4.89947820698808e-06	1.23942353449493e-05	6.83851584496462e-06
AMP22_0146	Creek_Chub	6.21811340061841e-05	2.63093944867535e-05	2.95670055015116e-06	4.69126219982769e-06	3.76810854237962e-05	1.88016265064507e-05	4.02508200929197e-06	7.07410926151955e-06	0.999790343334278	7.41687070406905e-06	8.44556934747083e-06	6.58843971872883e-06	1.39674707157725e-05	9.51832964127243e-06
AMP22_0148	Creek_Chub	9.45337303674809e-06	4.18387298115021e-05	3.39853955855004e-06	5.77040963361325e-06	5.93380030031962e-05	2.18122049531114e-05	4.61515773874321e-06	5.28929537087261e-06	0.9998082485497	4.97615904613337e-06	6.0328110342225e-06	5.607687864226e-06	1.58582705374596e-05	7.76126952304164e-06
AMP22_0149	Common_Shiner	8.25373875574987e-06	2.02730914935936e-05	2.58453002896492e-06	5.18418890850295e-06	0.998750346302986	2.36696427642902e-05	4.20548994374037e-06	8.29962475190296e-06	4.72044837966343e-05	1.10271335156401e-05	7.94733706820219e-06	0.000352293494224944	2.28883598047787e-05	0.000735823108455386
AMP22_0150	Common_Shiner	1.80392554717247e-05	0.0274310596378588	5.05248964952124e-06	5.50956751353891e-05	0.953762446294228	0.000509199566197686	0.0152790851940711	1.12852108179886e-05	0.00269349468272466	2.71227226347645e-05	1.91905619300582e-05	1.94108505568234e-05	0.000152107518337543	1.7409940498209e-05
AMP22_0152	Common_Shiner	5.43539047989509e-06	8.09864628905597e-06	2.33090919385578e-06	5.22913934387156e-06	6.41619376790206e-06	5.85697571083584e-06	0.999926758666833	3.52870976354795e-06	7.77344571043095e-06	4.89618444372765e-06	5.43261366515471e-06	4.89709049137859e-06	8.31280659607917e-06	5.03385387820028e-06
AMP22_0153	Common_Shiner	9.04215103118787e-06	2.73392075708623e-05	2.01702500420457e-05	5.56333678837249e-06	0.999365312725306	2.91014972578525e-05	6.94073809218715e-06	6.42964924180339e-06	8.97319174688879e-05	1.2612764830256e-05	1.89621913028015e-05	0.000121393177370052	1.64404023995746e-05	0.000270960459769398
AMP22_0154	Common_Shiner	8.4646697908957e-06	3.25739039151933e-05	2.62527353823253e-06	5.70063429782726e-06	0.997062832812468	1.74386233130057e-05	3.4058268126303e-06	5.38408312445753e-06	6.09245861716645e-05	1.08503212126332e-05	6.90953350016289e-06	0.000912130147606938	1.83409786150305e-05	0.00185241874075404
AMP22_0155	Rosyface_Shiner	8.6431958092473e-06	1.33889366961159e-05	2.89149658321151e-06	4.98869478937543e-06	2.66120385721749e-05	1.34085102017829e-05	0.999825119743745	1.00060157366134e-05	2.10505690248332e-05	8.44890785153165e-06	6.49546610979284e-06	1.42653484236234e-05	2.16494631558907e-05	2.3031969330328e-05
AMP22_0156	Rosyface_Shiner	5.34021041262349e-05	0.000391145008382139	9.92794859610804e-06	1.16967967987234e-05	0.00023668708287406	0.000344394877423319	0.996616491287947	0.000713956968263886	0.00121920868979641	2.68085024176092e-05	4.20852990587338e-05	3.05917141978713e-05	0.000271215610933228	3.23879077703827e-05
AMP22_0157	Rosyface_Shiner	1.40319253531549e-05	1.83752902353715e-05	0.0206173735905128	7.32732847872044e-06	1.0340084629008e-05	1.47717734991911e-05	0.979244205594063	7.87462692958545e-06	1.27260244429539e-05	1.05039363111398e-05	1.24260538415529e-05	9.42811872144265e-06	1.39100113957684e-05	6.70583860912769e-06
AMP22_0160	Rosyface_Shiner	4.3911712478292e-06	5.66106121833725e-06	2.45667112281324e-06	3.10320295764816e-06	9.34338382097865e-06	5.17483222680213e-06	0.999913521240155	5.27185404451546e-06	5.61393077370042e-06	4.55307348778681e-06	4.3670079193754e-06	5.27745031068971e-06	2.65008527163151e-05	4.76498416469383e-06
AMP22_0161	Rosyface_Shiner	9.87914870271907e-06	0.000377405602023609	4.04375252265208e-06	7.32944243990177e-06	0.0133409724245062	5.67612511373392e-05	0.875352846622467	0.000154459245242191	0.103355307333792	5.44261883106329e-05	4.51693280379841e-05	6.48349451916264e-05	0.00713362576736877	4.29388982344824e-05
AMP22_0164	Rosyface_Shiner	5.95766591887906e-06	9.01447790360218e-06	3.64856487033282e-06	4.43751716187723e-06	8.25964735909739e-06	8.49054815162294e-06	0.999904191215833	4.41528879799479e-06	1.38223455396365e-05	6.74068327510027e-06	5.20104563668555e-06	6.17440593996805e-06	1.36499437181851e-05	5.99715986995549e-06
AMP22_0165	Rosyface_Shiner	5.23106507733282e-06	7.8124564834476e-06	5.36375813264883e-06	3.38584832809649e-06	8.01645266005283e-06	8.17827029781605e-06	0.999911915510893	5.08373793691511e-06	1.26269020118173e-05	5.22067727654362e-06	3.9604234939367e-06	6.1594889109595e-06	1.18906223176295e-05	5.15527128214211e-06
AMP22_0168	Rosyface_Shiner	1.32922282052022e-05	4.74436141680206e-05	4.27884562871473e-06	7.94733547333712e-06	3.7135491430236e-05	2.91026938133437e-05	0.785252049992482	7.7870254765065e-06	0.214480617952844	9.89476637840278e-06	9.4888933284728e-06	1.44657070639955e-05	6.85754266260684e-05	1.79201977956892e-05
AMP22_0169	Rosyface_Shiner	4.13382280880687e-06	6.1365174860749e-06	2.60049266573206e-06	3.52723200941655e-06	7.34031590679804e-06	6.02006563998181e-06	0.999933384180069	3.34921399777059e-06	7.57356372494646e-06	4.43177556997902e-06	4.72423430911278e-06	4.4859030659056e-06	8.23247951642556e-06	4.0605578216736e-06
AMP22_0170	Rosyface_Shiner	1.46046619580338e-05	7.36564487801062e-05	3.76185342425504e-06	1.53403966700628e-05	0.00228326015373013	0.000393331066885769	0.986921940505505	8.15914521679247e-06	0.0101518935699028	1.04662353127894e-05	8.06269691081727e-06	1.28993248629427e-05	9.01118095616647e-05	1.25123855039721e-05
AMP22_0174	Rosyface_Shiner	2.06012945476209e-05	0.239638617552817	2.85560359262381e-06	6.12578083011604e-06	0.000160996885680467	6.53081304401567e-05	0.75979189368089	1.05807762395361e-05	0.000199950825895287	1.18678270350477e-05	1.09263140452632e-05	1.80700069332088e-05	3.55598778020953e-05	2.66454845920824e-05
AMP22_0175	Rosyface_Shiner	7.46069757814505e-06	1.0476733878308e-05	2.91337860612861e-06	4.19214832758765e-06	1.40450475020915e-05	8.22757213348571e-06	0.999900078912576	4.51704234279221e-06	1.47981062491961e-05	5.57957874483329e-06	5.81862812755327e-06	6.7517328512289e-06	9.56236857775599e-06	5.57846429284324e-06
AMP22_0177	Rosyface_Shiner	7.52767729103835e-06	9.76473889988039e-06	3.42520133676719e-06	7.70652307315112e-06	1.22049930873961e-05	1.03074570407624e-05	0.996711214552323	0.00318456133038841	1.6634188290545e-05	5.82566335070881e-06	5.9145426268257e-06	6.65328546517188e-06	1.26384242381662e-05	5.62111133350573e-06
AMP22_0178	Rosyface_Shiner	7.02218402365245e-06	1.06806958301453e-05	3.10819038954504e-06	8.78636189287718e-06	1.18211495179791e-05	1.00562991778643e-05	0.996905045727889	0.00295090534669624	1.71567298906288e-05	7.33960843474604e-06	9.12572323319907e-06	7.09368904676156e-06	4.31174476059563e-05	8.74065863125689e-06
AMP22_0179	Rosyface_Shiner	6.30136213057876e-06	6.2734920696054e-06	3.79444090188412e-06	3.70310785436452e-06	1.32668192207448e-05	8.54287667498892e-06	0.99985114517808	1.11557775769107e-05	7.77330508447078e-06	7.04821296003578e-06	5.34960933935753e-06	5.82564471813683e-06	6.44259869786895e-05	5.39445531867629e-06
AMP22_0181	Rosyface_Shiner	4.70255002580845e-06	8.68156089045046e-06	2.21867162435451e-06	5.20016050666111e-06	7.57806093321978e-06	8.17941251736757e-06	0.999904836734136	5.63864945223048e-06	9.05019887910248e-06	6.16647720183139e-06	6.65725573893859e-06	1.04402930847758e-05	8.56787285204468e-06	1.20828151938839e-05
AMP22_0182	Rosyface_Shiner	5.13315843747241e-06	8.56309884139727e-06	2.72300643936614e-06	3.86906543356313e-06	1.11716987956636e-05	8.86847420764964e-06	0.99989669290185	2.20433588683644e-05	9.08819400516025e-06	5.71990933464025e-06	4.99448869855879e-06	7.18495499891803e-06	8.75606552337738e-06	5.19234821827753e-06
AMP22_0187	River_Chub	5.48849844591671e-06	9.05565621634903e-06	2.46474692469783e-06	0.999820213536421	9.78754589713189e-06	7.00486174736389e-06	3.36319954811043e-06	0.000101748414474836	8.38548429671121e-06	7.83828403246386e-06	7.20927003789358e-06	6.11167335480334e-06	6.34161155333734e-06	4.9877211336608e-06
AMP22_0188	River_Chub	9.08736748688724e-06	2.42528200574954e-05	2.84593886136359e-06	0.504055278758208	2.69306568977205e-05	1.89673784498327e-05	3.03914219207015e-06	6.52348477470158e-06	0.495805426115791	6.79680832273895e-06	6.23764616987902e-06	7.53288674027016e-06	1.90166800295059e-05	8.06427704617701e-06
AMP22_0189	River_Chub	4.45395071501397e-06	8.26882180388244e-06	3.3771347610037e-06	0.999925301571687	9.0929704345434e-06	6.78597449265948e-06	2.74989973519746e-06	6.61448042031787e-06	9.03217084877285e-06	3.80875920674294e-06	4.46294226864033e-06	4.600889522981e-06	6.77266961583095e-06	4.6782601703181e-06
AMP22_0190	River_Chub	7.44707659456318e-06	1.22041824964092e-05	3.04910458274814e-06	0.999795581062635	1.16916972454419e-05	9.59555446159134e-06	0.000101748120515192	5.58789912482222e-06	1.74783656795476e-05	6.6742605791311e-06	8.64839921615901e-06	6.22563044633083e-06	9.13869821990217e-06	4.93054781201346e-06
AMP22_0191	River_Chub	3.41455361540969e-06	4.39699439823558e-06	2.40454130660843e-06	0.999949973036846	4.12041150716978e-06	5.80755857251423e-06	2.31622953509301e-06	3.43315962812167e-06	6.35326732115069e-06	3.41522818743033e-06	3.35615302153066e-06	3.48629553818153e-06	4.14692361718123e-06	3.37628275754489e-06
AMP22_0193	River_Chub	5.54711546427982e-06	9.75315424953731e-06	2.55763451643616e-06	0.999920312603315	7.6723835423873e-06	8.3728967148091e-06	3.54265974449932e-06	3.99137582047857e-06	1.2028877072515e-05	4.74251455121163e-06	4.04778378263186e-06	5.32087314581193e-06	7.32941962208499e-06	4.78139421169514e-06
AMP22_0194	River_Chub	1.15832320833476e-05	6.7700920844935e-05	6.96018891679847e-06	0.998751918911934	3.96793416110446e-05	4.22698196875855e-05	0.000739645983629872	8.38174536660847e-06	7.76511407767738e-05	2.97740532690573e-05	2.85667007798581e-05	3.03537263995393e-05	0.000147207196111951	1.8307142889364e-05
AMP22_0195	River_Chub	1.62795268179828e-05	0.000182082400914274	6.06529481831619e-06	0.993386412541072	0.000724978722551351	0.000177662957257642	7.0572009007252e-06	7.41891547184505e-06	0.0019620232823105	2.15515314845027e-05	3.02056995931096e-05	0.000244164420080377	0.00261917244723051	0.000614925585215325
AMP22_0197	Creek_Chub	1.50348314239746e-05	3.28457883245351e-05	1.66546929720067e-05	4.79631332092087e-06	2.31735946046292e-05	5.17600266584021e-05	7.67770397339572e-06	1.16684526547661e-05	0.999752828617891	2.22896239766054e-05	1.48003358302552e-05	1.63851131315937e-05	1.93519176787789e-05	1.07332377311816e-05
AMP22_0198	Common_Shiner	1.29650979209182e-05	6.28365802254542e-05	3.37735894511565e-06	0.00135896995702934	0.982230115155379	6.06164486732799e-05	3.9282091906757e-06	5.37455724218659e-06	6.91941499641533e-05	1.00876344565384e-05	1.09262147140086e-05	0.00543383072131295	3.65304920339493e-05	0.0107012475588162
AMP22_0201	Common_Shiner	1.13902963520117e-05	0.0485102715136794	0.0167882393966429	2.18574904861693e-05	0.930841103643179	0.000533638405996979	0.00274535835735712	1.01276825943266e-05	0.000218614236331166	2.16584330874129e-05	6.76218770838734e-05	6.57123674402369e-05	0.000105185525585569	5.92208373210628e-05
AMP22_0203	Common_Shiner	7.74508537907334e-06	3.21120250883146e-05	2.73684776849571e-06	5.93314957896101e-06	0.694015444993973	1.79863237957373e-05	3.73962150679281e-06	5.03979362597016e-06	0.305796367441614	9.71890797357927e-06	7.39289430485516e-06	2.18765197619665e-05	1.47841532857949e-05	5.9122212708069e-05
AMP22_0204	Common_Shiner	8.60144355611772e-06	4.17931170950996e-05	6.9121257404004e-06	1.77629034230326e-05	0.999766002545754	2.63604600493533e-05	3.48806064367726e-06	8.26447026368936e-06	6.08900866936689e-05	1.07829312087131e-05	1.17088273735367e-05	9.67021716236242e-06	1.68384506364787e-05	1.09250129192502e-05
AMP22_0205	Common_Shiner	1.03122698456687e-05	2.78020978922322e-05	3.18636057744952e-06	1.44054052606436e-05	0.998644365896781	8.10663158712849e-05	0.00032696494733423	5.36934632870919e-06	0.000142818465013313	0.000148190918363701	6.91975150675775e-05	7.84403787639714e-05	0.000418459652350841	2.94203424888203e-05
AMP22_0206	Common_Shiner	7.26445886496685e-06	2.98350863923922e-05	3.19119942276889e-06	5.65007852145199e-06	0.999676946133375	2.6211677371499e-05	3.26484624115176e-06	6.56377612026584e-06	9.17513478284615e-05	8.58573908195272e-06	8.41636768027463e-06	3.30271700766891e-05	1.73740883966556e-05	8.19182317953848e-05
AMP22_0208	Common_Shiner	7.21365410570969e-05	0.0228054430188715	2.27695748342999e-05	6.83121676838317e-05	0.899340309292078	0.00930858708214814	0.000194584621240174	0.0165604537872452	0.0428001132896225	0.000898370689599479	0.000985587986737913	0.00317670135390976	0.000624295776461178	0.00314233467849865
AMP22_0210	Common_Shiner	8.93873287275656e-06	3.27565238232573e-05	3.12691432984919e-06	5.13821229767052e-06	0.995075930853685	1.94819921104602e-05	3.9372336522735e-06	6.05187321374955e-06	9.4488652560395e-05	6.31593713269675e-06	5.72479851388937e-06	0.00158776281016345	1.94250369974282e-05	0.00313092039121726
AMP22_0211	Common_Shiner	2.44799441426301e-05	0.000452698155689611	4.80850962397526e-05	4.33748272818986e-05	0.905764575223128	0.00016291411655335	0.0155126255042851	2.51433386193098e-05	0.0576336444595986	0.00023133036531253	0.000236499016934159	0.00665225707981093	0.000170448820005266	0.0130419243299937
AMP22_0212	Common_Shiner	2.39075664272262e-05	6.83130441964205e-05	9.46849115956389e-05	7.18194475977107e-05	0.998226755191882	0.000163155530618459	7.87872019476496e-06	6.47918880748498e-06	0.000217667635734334	0.000316385302840184	0.00027086200413591	0.000251889263145205	7.83142312672456e-05	0.000201888174491637
AMP22_0214	Common_Shiner	8.19687798833166e-06	7.42337166331217e-05	0.000463867310089514	6.4752442120335e-06	0.99093507395188	0.000101495853171231	3.0484572390627e-06	5.72941422368673e-06	0.000173739429875675	4.73583489253511e-05	5.07485996493817e-05	0.00264215214355383	3.79195858395194e-05	0.0054499612512569
AMP22_0215	Common_Shiner	4.42650148964001e-05	2.51955450096981e-05	2.46561727355332e-05	5.40208254036528e-06	0.999530667136113	4.04133511524179e-05	4.30149731078449e-06	6.43428108724206e-06	9.68231305339188e-05	2.36267904442323e-05	3.00378252405328e-05	6.70328598101204e-05	1.77870250908014e-05	8.33575790836306e-05
AMP22_0217	Common_Shiner	8.29064688092761e-06	2.78330936290582e-05	3.14667452567165e-06	7.38618740567502e-06	0.999841287910938	1.62767595995406e-05	3.12348791820129e-06	4.75865007593705e-06	3.91686667403224e-05	5.06559532141386e-06	5.58776219665861e-06	7.97934080719182e-06	1.78652335680117e-05	1.22305731122786e-05
AMP22_0218	Common_Shiner	5.86663173997794e-06	1.4561344768968e-05	2.59966114799056e-06	4.32296251526422e-06	1.31270544935361e-05	1.02915821220872e-05	0.999889281570911	5.2346682480873e-06	1.46532187327886e-05	5.71806637624455e-06	6.0392504342558e-06	5.42888181799494e-06	1.65377202632571e-05	6.33778826903789e-06
AMP22_0219	Common_Shiner	6.21622870779541e-05	3.93898379795313e-05	2.54531564811131e-06	5.49538921661193e-06	0.9997118293643	2.96845141262457e-05	3.52422911551898e-06	5.44676374931291e-06	8.3147981341089e-05	6.32122632310898e-06	6.7533325245869e-06	1.21282828886976e-05	1.88904161875684e-05	1.26813291049685e-05
AMP22_0220	Common_Shiner	1.9083378484368e-05	4.11277081449622e-05	5.13545819683832e-06	0.000163095123500531	0.997590826859077	4.01447502169603e-05	4.95469588626606e-06	5.54719131365881e-06	0.000214424392267174	3.18904364237364e-05	2.39136742136272e-05	0.000702541050228832	3.13007145607305e-05	0.00112601442023469
AMP22_0221	Common_Shiner	1.04561771167462e-05	2.10009950964179e-05	4.82619156095366e-06	9.38047119331676e-06	0.435891013676922	1.94594821188795e-05	0.536654280781746	5.98327406438982e-06	5.83276256603714e-05	9.62380309913928e-06	1.05985702279572e-05	0.00902419094273617	4.39523881310764e-05	0.0182369056068494
AMP22_0222	Common_Shiner	7.86676397396227e-06	1.82612999615198e-05	2.1711346817887e-06	1.05362268409914e-05	0.999765567600727	1.82437005987925e-05	4.10972837336911e-06	5.52954098808812e-06	8.83780901440173e-05	8.47229026804055e-06	6.12415690783257e-06	1.42781752573446e-05	2.10780505589743e-05	2.938363943059e-05
AMP22_0225	Common_Shiner	9.46168130931212e-06	2.27968481275704e-05	3.02382548337632e-06	5.32308078409364e-06	0.529191670700908	1.64303618578056e-05	7.0563464482544e-06	4.713333039576e-06	4.9392293694384e-05	8.66440028855018e-06	7.22202306335977e-06	0.156646845509961	3.66570835895548e-05	0.313990742650322
