Mandeville_ID	Common_Name	1	2	3	4	5	6	7	8	9
AMP19_0002	Western_Blacknose_Dace	0.541650870700677	2.9405584611045e-05	0.0296892428857585	1.59023160204329e-05	1.29050092132233e-05	0.354356919859846	0.00050094870281821	0.06345060610647	0.0102931989659943
AMP19_0003	Western_Blacknose_Dace	0.539690750420094	0.000228952275816097	0.0164572165400411	0.0903523370648424	2.49081667253743e-05	0.278072251051664	0.0167758885659277	0.0583809085919832	1.67873420903057e-05
AMP19_0004	Western_Blacknose_Dace	0.014826655896966	6.11962280026325e-05	0.000334882570943311	0.00303699674288509	6.44687444735968e-06	0.0101744920413504	0.0638125650137663	0.907736812233925	9.95218185834674e-06
AMP19_0005	Western_Blacknose_Dace	4.03492238637076e-05	2.28197437192999e-05	1.21743383966241e-05	2.14967265873586e-05	4.48078936929685e-06	5.03110401930262e-05	0.013856815242519	0.985972367783387	1.91851497345803e-05
AMP19_0007	Western_Blacknose_Dace	0.969647553523382	1.81434935465077e-05	0.000111274298981077	4.72598746289993e-06	4.95485380715865e-06	3.09184929163623e-05	0.0301444221735001	2.54070623943673e-05	1.26001117516753e-05
AMP19_0008	Western_Blacknose_Dace	0.914832897146543	8.11239224337157e-05	1.01867278925302e-05	2.42729377863291e-05	4.37247107477301e-06	0.000108319122656993	0.0629749084301293	0.0212384073313636	0.000725511084086878
AMP19_0009	Western_Blacknose_Dace	0.000189829664914893	3.38786729494034e-05	1.20805568317464e-05	5.30242120374276e-06	5.23315837227765e-06	4.7506655851603e-05	9.48681637045704e-06	0.999688714504242	7.96807936368358e-06
AMP22_0004	Creek_Chub	0.83919905825456	3.14194448844204e-05	4.41840601227034e-05	1.10492811810836e-05	1.62136370962832e-05	0.157695471058289	7.69670078214187e-06	0.00298763210382703	7.27559086831825e-06
AMP22_0005	Western_Blacknose_Dace	0.00233352896997541	0.000103809918862632	2.31687948943648e-05	0.00411981361896809	0.00547964739170857	0.0368439260857801	1.24835293118538e-05	0.951009037733078	7.4584276037212e-05
AMP22_0007	Western_Blacknose_Dace	0.00632052986489226	5.64692715906368e-05	1.10939347003104e-05	5.83747904334952e-06	4.1529219239983e-06	0.0338956493741522	9.94426226677457e-06	0.959680859764417	1.54629975514414e-05
AMP22_0011	Western_Blacknose_Dace	7.94803572465608e-05	2.91597857394174e-05	1.54191825123512e-05	1.13504260923509e-05	0.00215892630248951	0.000287406926066969	8.34171167171559e-06	0.997401224871477	8.69041190702977e-06
AMP22_0013	Western_Blacknose_Dace	0.0823352909294578	3.5257576733444e-05	4.01435355317693e-05	9.32894169682245e-06	1.07200679916372e-05	0.00010903913833464	1.67577382956924e-05	0.917420016805331	2.34454544953739e-05
AMP22_0014	Western_Blacknose_Dace	0.000121819004949382	2.63425864679383e-05	1.43411037369274e-05	5.55492382570876e-06	4.35931466429889e-06	5.31468323995084e-05	1.18367548890174e-05	0.999754846692085	7.75297713425057e-06
AMP22_0015	Western_Blacknose_Dace	0.000736288531340392	4.79401913087655e-05	5.42061915220825e-05	8.08123852931275e-06	5.34755688067519e-05	0.00026883151605389	8.69195474670939e-06	0.998811437328657	1.1047491060223e-05
AMP22_0017	Western_Blacknose_Dace	0.0370363565084212	0.000934748772129992	0.00250030193575556	0.000466210592702978	1.404293555473e-05	0.117009147077799	0.102902649179101	0.739102018753688	3.45244136078979e-05
AMP22_0022	Creek_Chub	0.940961346526941	6.03597573468545e-05	1.89588613863764e-05	1.4316087433559e-05	0.0452945145554841	0.013269563992423	1.33176650101545e-05	0.000249599233623177	0.000118023237052872
AMP22_0023	Creek_Chub	0.926752834697564	4.37217569062286e-05	4.43194453201801e-05	8.51842496522613e-05	1.08876929237148e-05	0.0318080629312899	0.031986320335418	0.00124204208869696	0.00802662695125522
AMP22_0024	Creek_Chub	0.307626584683855	2.52065269662419e-05	1.94675876031647e-05	9.28516703886771e-06	3.58795725460647e-05	0.00646467747401377	2.15861239910367e-05	0.684835141261419	0.000962171784470507
AMP22_0028	Creek_Chub	0.460531580259403	0.539077344705661	3.06685219544387e-05	2.01057111124076e-05	5.65611790398191e-06	0.000121253116824562	1.14620335959822e-05	0.000194334616504782	7.59500319600347e-06
AMP22_0029	Creek_Chub	0.587069697479407	0.000145464886675755	4.31750820550222e-05	0.0135741620485981	1.35482404572295e-05	0.387320050170024	1.73116417374995e-05	0.000213223405727875	0.0116033669504492
AMP22_0030	Creek_Chub	0.989828375240167	9.9667596058424e-05	1.90902422172693e-05	1.6989509490568e-05	6.58925187101849e-06	6.83821372514216e-05	0.00908864625023367	0.000855051471126589	1.72084176834916e-05
AMP22_0037	Creek_Chub	0.884894242584705	4.78800777115752e-05	2.57169902211776e-05	1.95666434918908e-05	1.97645372615924e-05	0.0540796485217288	0.00102923477615934	0.00571460157294805	0.0541693439713369
AMP22_0038	Creek_Chub	0.999667948126793	6.03101949144924e-05	3.19610724689382e-05	7.07140267213319e-06	1.11464928810321e-05	3.2742894353284e-05	1.45522313070964e-05	0.000166431924160675	7.8363235540978e-06
AMP22_0044	Creek_Chub	0.893270380417506	2.18586507096278e-05	1.69517972183049e-05	2.86582691366398e-05	5.16462721363792e-06	0.105909415033956	8.65286629304569e-06	0.000731597832942711	7.32016227337026e-06
AMP22_0045	Creek_Chub	0.998584528823694	3.01290490336206e-05	1.82628668941091e-05	1.09733025723661e-05	1.56731863558347e-05	9.10757829452072e-05	2.02793259540676e-05	0.00120667580453704	2.24019869464844e-05
AMP22_0046	Western_Blacknose_Dace	0.00176817538505091	3.53005032094509e-05	1.09405859380652e-05	9.41386113344797e-06	4.87966478037567e-06	4.62363710888368e-05	0.000108109912786206	0.998007792731126	9.15157310385865e-06
AMP22_0048	Creek_Chub	0.00136167419224979	0.000450280673554591	0.000620069312083153	1.68428111989137e-05	1.81503747373971e-05	0.000187403455699251	5.70578993141155e-05	0.0186295187366223	0.978659002244473
AMP22_0051	Western_Blacknose_Dace	0.0171205847478451	0.00041790076534215	7.41486155011818e-05	1.08863131904363e-05	6.38410621416649e-06	0.000281106589646691	2.99877627068639e-05	0.979560796956221	0.00249820361158025
AMP22_0052	Western_Blacknose_Dace	0.00167361687131035	0.000124880539805121	0.00555466447512542	1.07147077517485e-05	5.34890889498703e-06	0.000179702482987276	6.76509575026053e-06	0.992434187531471	1.01194025164015e-05
AMP22_0053	Creek_Chub	0.881291429479917	4.42057352140028e-05	2.36810149577536e-05	9.16668256688274e-06	2.76411514700223e-05	0.0524645688434442	1.22013366430837e-05	0.0641049633013705	0.00202214187478404
AMP22_0054	Western_Blacknose_Dace	0.000216812748988782	3.73423710666314e-05	2.01790743550877e-05	6.74236490688249e-06	4.90586905774139e-06	5.31365479778234e-05	9.39595754225231e-06	0.99964212457339	9.36085635540895e-06
AMP22_0058	Creek_Chub	0.984950900117556	4.23500287151702e-05	1.69977946114911e-05	5.03634127526399e-06	3.5538554179303e-06	0.0116564523016374	1.05759110001551e-05	5.19494084127687e-05	0.00326218456295707
AMP22_0061	Creek_Chub	0.999729394674301	6.87712533315199e-05	2.58088218553338e-05	9.4110028943764e-06	6.70428345151507e-06	4.88546156055675e-05	1.94089292634023e-05	4.83636928950009e-05	4.3283308359935e-05
AMP22_0062	Western_Blacknose_Dace	0.0027739396220794	3.34850289032563e-05	0.000859213471668222	7.78806522962263e-06	9.59514094408558e-06	0.218968232885003	2.79900929920284e-05	0.777284210224946	3.55451751494749e-05
AMP22_0067	Creek_Chub	0.9750832995375	0.000653359119660561	2.15459388679706e-05	0.0238770960926389	1.23726526589537e-05	0.000168578662943526	2.10867168917131e-05	0.000121205212733375	4.14555875531251e-05
AMP22_0071	Creek_Chub	0.000326252009562029	6.94611128748768e-05	8.81839500218947e-05	9.95130099852225e-06	0.000562267252913036	0.128898576279481	1.0328117800276e-05	0.870013522426287	2.14578814157632e-05
AMP22_0072	Creek_Chub	0.954368996997674	5.00224603515624e-05	3.71201868573597e-05	6.04099988102491e-05	8.18119448073528e-06	0.000173967457996014	0.0388373425994068	0.000488944702040444	0.00597501431684941
AMP22_0075	Creek_Chub	0.995315694073836	0.000398125338806597	1.786996640893e-05	3.39759917751482e-05	0.00131487669171537	0.000464176006575341	0.000102255229551641	0.00234125453359119	1.177228390908e-05
AMP22_0082	Common_Shiner	0.00143007516984203	0.000132924814235278	0.000656116499139967	0.0176825647726655	1.53879266028273e-05	0.978695611337821	1.48629498820358e-05	0.000352757380311465	0.00101969906538163
AMP22_0084	Creek_Chub	0.943291488071283	0.000360911335642941	0.00135186103953435	6.84611440519697e-06	4.29619109338112e-06	0.0519316879076262	8.12208252404487e-06	0.00303681841002039	7.969011152621e-06
AMP22_0085	Creek_Chub	0.137298486769199	0.000800682421351392	0.027874501444865	0.0690836233521501	0.0604698542803526	0.694216988662879	0.0011436089988448	5.27773559710844e-05	0.00905947691244849
AMP22_0086	Hornyhead_Chub	0.0104062884867918	0.0131021228980957	0.388534656604131	0.000183008046847158	3.592084556993e-05	0.00124379163360127	6.29158527546995e-05	0.546589934835831	0.0398413606102889
AMP22_0088	Creek_Chub	0.999626388212045	2.9999397819394e-05	1.26182360653734e-05	3.6715135059148e-05	4.02134740023905e-06	6.7295526273979e-05	6.52052253539258e-06	3.33572263273361e-05	0.000183084954617243
AMP22_0093	Western_Blacknose_Dace	0.791912052989006	6.08928424065899e-05	0.00538595236967861	4.96707912725344e-06	5.30112292270939e-05	2.49468020451027e-05	1.04255624421772e-05	0.202028191854556	0.000519559247255127
AMP22_0094	Western_Blacknose_Dace	4.51218760136171e-05	0.000153235878848529	5.78482430132587e-05	3.03206457380052e-05	1.06950368702224e-05	5.78150471431954e-05	2.72796496692081e-05	0.999591464380423	2.62192008775516e-05
AMP22_0095	Western_Blacknose_Dace	0.000161289067272918	0.000643960137130425	0.000100173965571408	2.00101582069637e-05	0.197388827736179	0.00945560887077371	0.0556460917244355	0.736485391994317	9.86464491977082e-05
AMP22_0096	Western_Blacknose_Dace	7.3408880230695e-05	3.97244232594304e-05	6.06804958330895e-05	4.66807196615875e-06	3.90696946374553e-06	0.00897534506517834	0.00335579873676761	0.987471532404423	1.49348390162185e-05
AMP22_0099	Western_Blacknose_Dace	0.00196924037179901	0.000514581964299983	2.92168301566073e-05	2.43122005983687e-05	9.32622087556131e-06	4.78005071599891e-05	0.0041233753420529	0.993268372317155	1.37741026848088e-05
AMP22_0101	Western_Blacknose_Dace	0.019548613244332	3.55736906497417e-05	1.25065894997696e-05	8.76617225648816e-06	1.17093359405445e-05	8.04138712781705e-05	9.54748482705826e-06	0.980280064841112	1.28046322948226e-05
AMP22_0102	Western_Blacknose_Dace	0.000880424082479233	4.64565949247267e-05	0.000329819458950049	8.32379954212347e-06	2.68656167894539e-05	0.0604024831056595	1.25219439200608e-05	0.938280014554659	1.30904840618147e-05
AMP22_0105	Western_Blacknose_Dace	0.000102302548649646	2.88209419828946e-05	2.30040959906845e-05	3.07741129594162e-05	7.97548622825803e-06	0.000102481330831222	7.83532355930382e-06	0.999687242905299	9.56383928628617e-06
AMP22_0106	Western_Blacknose_Dace	0.001122723835535	4.31704847583102e-05	0.0309435010155042	1.74286784393757e-05	0.0136031668876919	0.0235917869887974	1.07594541917278e-05	0.930656816601753	1.06463776061914e-05
AMP22_0107	Western_Blacknose_Dace	0.000583537218285512	5.63917073973606e-05	0.0194177335863933	2.81072844280729e-05	0.133362894251943	0.000511709017649148	0.00616173430805793	0.839866323471069	1.15688019029952e-05
AMP22_0108	Western_Blacknose_Dace	0.000236917775920446	0.000262396142890674	1.6741488882527e-05	0.00597617800787945	0.0641745622865856	2.19224760235058e-05	0.0148051484574874	0.914481328547001	2.48051952639007e-05
AMP22_0110	Western_Blacknose_Dace	0.556589690446854	4.56566769518332e-05	1.04529665753721e-05	5.80544470270199e-06	0.00422457642375957	4.06313713408798e-05	8.88293879593941e-06	0.439063805868228	1.04973502535999e-05
AMP22_0114	Western_Blacknose_Dace	0.00341660911495048	0.00015982985681321	3.15752969570562e-05	0.0030833299007063	5.44690565991818e-06	0.000357809207678745	2.15957710768626e-05	0.992903490066528	2.03137315194108e-05
AMP22_0116	Western_Blacknose_Dace	0.000280500599915338	1.97608548579046e-05	2.51330778185688e-05	6.25008481511838e-06	0.00427588599120888	0.000422100435578125	1.31071954604221e-05	0.994948587139448	8.67438304098315e-06
AMP22_0117	Western_Blacknose_Dace	0.000699337358464408	3.275550853734e-05	2.3825272877432e-05	8.11195360339812e-06	5.09595609188283e-06	4.57219313333451e-05	1.50416345130928e-05	0.999026358962059	0.000143752176059411
AMP22_0118	Western_Blacknose_Dace	0.000499635943614335	3.78824733137768e-05	1.40263251109892e-05	7.62188852069526e-06	0.000409413716678779	6.19862768899612e-05	1.37598486368283e-05	0.998944517970085	1.1155906704743e-05
AMP22_0122	Creek_Chub	0.99980499813954	2.99568989681697e-05	1.41358111357855e-05	5.20310143056454e-06	3.09761579621901e-06	5.04196424853685e-05	8.01163289354565e-06	7.61308785559976e-05	8.04675298189917e-06
AMP22_0123	Creek_Chub	0.991372727672259	2.59711742821999e-05	2.14636705680782e-05	7.66808661583484e-06	0.000140825054905789	9.30221200968348e-05	1.26216888591252e-05	0.0083187636299918	6.93671111392903e-06
AMP22_0125	Creek_Chub	0.999788965702057	1.66350505520288e-05	1.0629508517128e-05	8.64938384009258e-06	3.34444659216942e-06	3.1615932911064e-05	7.02583476751655e-06	0.000124937864778245	8.19660269161172e-06
AMP22_0126	Creek_Chub	0.999723395129045	3.44582648533195e-05	1.25001331313254e-05	4.27064383281255e-06	4.37972086694158e-06	8.4669529004243e-05	8.58794085062704e-06	7.5016779974875e-05	5.27226631739659e-05
AMP22_0127	Creek_Chub	0.999761279801528	2.57330585761581e-05	1.35632622442401e-05	6.10595680204947e-06	6.86105693722327e-06	8.66122845991086e-05	7.35905247390675e-06	8.46659707634451e-05	7.82038567708412e-06
AMP22_0128	Creek_Chub	0.999437371293704	2.41994245555929e-05	1.48006425677661e-05	4.90771316204733e-06	4.69076076527373e-06	6.54689939482042e-05	7.72330942469188e-06	0.000430552558990004	1.0285795909888e-05
AMP22_0129	Creek_Chub	0.999692161361376	3.21415127205907e-05	1.11212620153343e-05	4.34876712488593e-06	3.38639228802952e-05	0.00017973867095715	1.00685389232265e-05	2.61669658766819e-05	1.03892341076117e-05
AMP22_0130	Creek_Chub	0.974705115576585	4.26649779810827e-05	1.10038696044737e-05	5.08393694613928e-06	4.24139618415859e-06	0.0248032928607427	9.973088522063e-06	4.98787840283759e-05	0.00036874614517556
AMP22_0131	Creek_Chub	0.999743580381076	2.06330117289663e-05	9.40349173196538e-06	6.49427918390528e-06	3.95268017319234e-06	4.41061289911875e-05	8.52380302711585e-06	3.0977367844931e-05	0.00013232971133754
AMP22_0133	Creek_Chub	0.475713180094957	0.000123142649542367	7.43889509144351e-05	3.85958581952343e-05	1.6144629075563e-05	0.17018456380566	6.74577646780517e-05	0.353760569527745	2.19567901092479e-05
AMP22_0136	Creek_Chub	0.999832125147184	3.32739819195944e-05	1.48068244953175e-05	5.50143041082416e-06	5.1491505385082e-06	5.84654155094788e-05	9.22418314168688e-06	3.39690910586946e-05	7.48548836803753e-06
AMP22_0141	Creek_Chub	0.434849197268486	6.27684741458742e-05	1.88056127153e-05	0.564750681082408	4.85241244842618e-06	0.00012164033726732	8.1040201916324e-06	0.000172414169541608	1.15364542903015e-05
AMP22_0142	Creek_Chub	0.999835382600625	2.27812444240555e-05	8.60455009675942e-06	7.13231403091581e-06	4.57621033373103e-06	5.371246077519e-05	8.58739865800076e-06	5.17491513091376e-05	7.47443948724453e-06
AMP22_0143	Creek_Chub	0.997955953081449	3.76551977893184e-05	0.000154247626500912	2.66720819354061e-05	3.20186779435862e-06	0.00171835800731649	8.71395458316746e-06	8.70272433141795e-05	8.17154548599005e-06
AMP22_0144	Creek_Chub	0.999463250120481	3.39782740104993e-05	0.000145945037283592	4.1286631601005e-06	5.39562448556344e-06	0.000142447248816142	8.36842796355998e-06	0.000189404983644383	7.08208772352898e-06
AMP22_0145	Creek_Chub	0.999835760315259	3.56692174779317e-05	1.29517265910307e-05	6.00915896683198e-06	4.0180241511643e-06	6.37207329509354e-05	7.16493649823645e-06	2.49653650693478e-05	9.7409601896554e-06
AMP22_0146	Creek_Chub	0.999789468348026	4.17899425277401e-05	1.15215654081896e-05	5.22783686654388e-06	3.76830202383735e-06	2.94650449647e-05	9.72723999140649e-06	9.93300485736143e-05	9.70236368639436e-06
AMP22_0148	Creek_Chub	0.999785941700141	1.6266576155804e-05	1.27982599828482e-05	6.54390809429676e-06	5.02243552825078e-06	0.000116758919590493	9.43421518017441e-06	3.74467425759626e-05	9.78771001027527e-06
AMP22_0149	Common_Shiner	0.000183517611321593	5.16971102401005e-05	0.00150325725686247	6.70237274682446e-06	4.78509025826958e-06	0.998203958551089	9.01980648972924e-06	2.68595309410364e-05	1.0202256635068e-05
AMP22_0150	Common_Shiner	0.00260126849792476	0.000130558923381693	2.03957269640613e-05	0.0152291614984473	9.55403791802655e-06	0.960435489912828	0.000102848975357591	0.0214492763647189	2.14462362256251e-05
AMP22_0152	Common_Shiner	9.31115072429327e-06	2.39574344069147e-05	8.40299240879404e-06	0.999912723799547	3.47632448624846e-06	1.63112765480351e-05	8.4345193146168e-06	1.16206041300861e-05	5.76260835342017e-06
AMP22_0153	Common_Shiner	0.000129272958185329	3.76183100835341e-05	0.000721866458654111	1.0529253790347e-05	4.46018508262146e-05	0.998990048368772	6.80691107068996e-06	5.01483409498398e-05	9.10760561071134e-06
AMP22_0154	Common_Shiner	5.32400233060166e-05	2.64288924185088e-05	0.00261662989025597	5.50686010412373e-06	4.63540831768265e-06	0.997225480397542	8.62820898254763e-06	4.99835061076597e-05	9.46692683189726e-06
AMP22_0155	Rosyface_Shiner	2.41955283130666e-05	3.08336349157287e-05	2.80991174308043e-05	0.99981235096852	4.2602139993624e-06	5.19343814401342e-05	6.16212236421535e-06	2.64374445858735e-05	1.57268434595765e-05
AMP22_0156	Rosyface_Shiner	0.00297332878991437	6.95932585780991e-05	1.75597121468817e-05	0.995473258773486	1.29259500044824e-05	0.000156535436984277	1.23684043138312e-05	0.000295691438412636	0.000988737929569226
AMP22_0157	Rosyface_Shiner	2.51241465981652e-05	2.00803888941981e-05	7.84662150832367e-06	0.979170520663261	0.0207120956989626	1.79818590745418e-05	1.32396017078782e-05	2.23409516302824e-05	1.07702972587794e-05
AMP22_0160	Rosyface_Shiner	1.13691292504263e-05	2.38671896042962e-05	7.18489534112047e-06	0.999917583763599	3.34345252366555e-06	1.57044047750526e-05	5.06340637749738e-06	8.57494427488901e-06	7.30897699899223e-06
AMP22_0161	Rosyface_Shiner	0.103192962601781	0.00763414831849719	5.50174365113864e-05	0.874689347207546	6.0241285183787e-06	0.0141223737910741	1.01190573139661e-05	0.000102587382851628	0.000187420388709961
AMP22_0164	Rosyface_Shiner	1.90379939177566e-05	1.69893459221895e-05	8.70665044418749e-06	0.999900737822056	5.51582858637e-06	2.18098387703178e-05	7.17691037862493e-06	1.26628027354602e-05	7.36308424820925e-06
AMP22_0165	Rosyface_Shiner	1.16232354207081e-05	1.72457627674048e-05	8.13936086691856e-06	0.999918319066366	7.90318472893026e-06	1.56987150243463e-05	5.61632300013838e-06	8.69426176979306e-06	6.76103508813167e-06
AMP22_0168	Rosyface_Shiner	0.214390719865759	4.75866426398838e-05	3.00992547434696e-05	0.78539491935571	4.68021957115583e-06	8.05534431275892e-05	8.97762273439541e-06	3.29043868629525e-05	9.55939582908267e-06
AMP22_0169	Rosyface_Shiner	1.30974184334177e-05	1.44309187449211e-05	6.75139893862157e-06	0.999929050842921	3.94828005092009e-06	1.16480787809141e-05	4.56370172960413e-06	1.12355616057314e-05	5.27417289185085e-06
AMP22_0170	Rosyface_Shiner	0.0107115964218424	0.000129112789911792	1.30930793924941e-05	0.986630949993928	4.12521642738919e-06	0.00239896753922289	2.53275855995366e-05	7.04046362139647e-05	1.64226250297877e-05
AMP22_0174	Rosyface_Shiner	0.00216480910979077	8.74231173274286e-05	4.32992829041528e-05	0.765287690798442	4.10766185555421e-06	0.00056941256799488	8.63268357020494e-06	0.231812637542685	2.19876137034232e-05
AMP22_0175	Rosyface_Shiner	2.01792425843889e-05	1.79205168085489e-05	9.02531966228248e-06	0.999899342874686	3.15336737675602e-06	1.93813395533633e-05	8.8734538414724e-06	1.56295072380598e-05	6.49551089972509e-06
AMP22_0177	Rosyface_Shiner	1.6241947670906e-05	2.63655998280576e-05	1.03754128583284e-05	0.996677884976069	4.61685227606971e-06	1.75565458945585e-05	7.48581522494516e-06	1.587232301523e-05	0.00322360076133918
AMP22_0178	Rosyface_Shiner	2.5047933280786e-05	5.47514872192068e-05	9.47811379289919e-06	0.996784380992254	6.39540192325022e-06	1.8040557023199e-05	1.34303287560744e-05	1.14982922481074e-05	0.00307697656470092
AMP22_0179	Rosyface_Shiner	1.53747227846977e-05	0.000119031422658424	8.62565067105857e-06	0.999803090552489	4.37343759970659e-06	2.20222366561348e-05	7.63925288747137e-06	7.37539711269335e-06	1.24675592015088e-05
AMP22_0181	Rosyface_Shiner	1.33962702686751e-05	1.74203796177217e-05	2.20316100766214e-05	0.999902786195278	4.15045193683742e-06	1.18078042033738e-05	5.93276472704156e-06	1.27607877208041e-05	9.71381078941335e-06
AMP22_0182	Rosyface_Shiner	8.39680037490553e-06	1.18105297321618e-05	9.90632245429479e-06	0.999908388098081	4.16793529175619e-06	1.36247924898869e-05	7.16874647474233e-06	1.65180346078421e-05	2.00191792969599e-05
AMP22_0187	River_Chub	1.44706573954176e-05	9.24385884906956e-06	8.19271292983301e-06	4.97561320573993e-06	3.38623338626468e-06	1.06913523697303e-05	0.999830014765263	1.3449233580196e-05	0.000105575261249429
AMP22_0188	River_Chub	0.495496067633232	1.94078968458e-05	1.19327582490388e-05	4.06622602089181e-06	4.37790029548085e-06	2.89840568942879e-05	0.50438242188096	4.14932737488651e-05	1.12482986468925e-05
AMP22_0189	River_Chub	1.36018696435593e-05	7.97555675057447e-06	7.90254726279828e-06	4.36440012321954e-06	3.64759769312599e-06	1.7832183430866e-05	0.999926510771116	8.62094070456391e-06	9.54489798778347e-06
AMP22_0190	River_Chub	1.70975257276113e-05	1.8669569833675e-05	7.7301567765598e-06	8.32155417998234e-05	3.63629928814283e-06	2.16655525825102e-05	0.999818930049737	2.12637943500343e-05	7.79223658646253e-06
AMP22_0191	River_Chub	8.20136775763656e-06	9.05758437375356e-06	5.5380089491443e-06	3.89400691694554e-06	3.16173164666445e-06	6.91610262589876e-06	0.999947404762109	1.00651084888106e-05	5.7619605777977e-06
AMP22_0193	River_Chub	2.13358024604733e-05	1.11411118254905e-05	1.00368303660063e-05	4.55079807967614e-06	3.83986779572536e-06	1.511928888238e-05	0.999916787783305	1.07651133655401e-05	6.42369613799939e-06
AMP22_0194	River_Chub	8.61249380982694e-05	0.00019478945340544	1.307172955071e-05	0.000763655988184476	1.08288073035345e-05	0.000105514396922069	0.998709202329318	0.000106417952945227	1.03944520261771e-05
AMP22_0195	River_Chub	0.00191499133707949	0.00279050478673389	0.00104719331152856	8.7641335869784e-06	1.16354253667886e-05	0.000773107510126905	0.993168008983135	0.000269251998249502	1.65418461480085e-05
AMP22_0197	Creek_Chub	0.999776106476784	2.72009942002928e-05	1.39337190655415e-05	1.1559833696535e-05	2.44124633589818e-05	3.19142778005967e-05	9.26721466000982e-06	8.97650231261886e-05	1.58408700380716e-05
AMP22_0198	Common_Shiner	0.000190716728450156	4.18847194877104e-05	0.016004366143917	6.27447972355257e-06	4.12006696134299e-06	0.982302783886592	0.00136611709169645	7.61396231108627e-05	7.5972459158398e-06
AMP22_0201	Common_Shiner	0.000783135551417719	0.000113088475789768	0.00014139272467826	0.00285307240179585	0.0168962968153258	0.942488012890021	2.49718440895032e-05	0.0366913074354331	8.7221383968539e-06
AMP22_0203	Common_Shiner	0.30356931955119	3.53870762721293e-05	0.000111975856246216	6.20614190430837e-06	4.53916471058445e-06	0.696234560569127	1.01031330083611e-05	1.80285193736858e-05	9.87981046196045e-06
AMP22_0204	Common_Shiner	6.36580775733377e-05	2.46338393964212e-05	1.67154369297555e-05	7.05526653269882e-06	6.6796101361579e-06	0.999804779847463	2.6520073511952e-05	3.42749845189992e-05	1.5683014557708e-05
AMP22_0205	Common_Shiner	9.97694135098708e-05	0.000622709025516455	1.75112285942119e-05	0.00015052201084227	3.76437762655662e-06	0.999036452849706	2.50484391642837e-05	3.70586096854402e-05	7.16469790691256e-06
AMP22_0206	Common_Shiner	7.45036459631692e-05	3.5013650784307e-05	0.00012451989780235	5.04342008405796e-06	3.43073805965818e-06	0.999699960052967	1.01293571216421e-05	3.76335280748256e-05	9.76632265230645e-06
AMP22_0208	Common_Shiner	0.106945524593781	0.0052288821882052	0.00393803034478376	6.82685237610428e-05	2.1035368619113e-05	0.843263153473536	6.50911443263627e-05	0.0236579603426061	0.0168120539874459
AMP22_0210	Common_Shiner	5.9493811579865e-05	2.70324086048936e-05	0.00466096052331159	6.01673556694926e-06	3.69517191755514e-06	0.995197613060474	8.08497816359545e-06	3.02378083344855e-05	6.86566171079313e-06
AMP22_0211	Common_Shiner	0.0592045155819505	0.000523044361666232	0.0198240537643433	0.0156247316570953	3.47844713204362e-05	0.904262903392315	6.52283960432289e-05	0.000403890114240669	5.6848433661022e-05
AMP22_0212	Common_Shiner	0.000137773497072121	0.000201078563402865	0.000333824050460241	1.20503911096295e-05	0.00020665014490016	0.998853189726671	0.000179474906922754	6.80961352967032e-05	7.8624612761266e-06
AMP22_0214	Common_Shiner	9.027681072371e-05	3.14872814000788e-05	0.00814256927231327	4.57854324258379e-06	0.000574627439922301	0.991087277948856	6.66779570663456e-06	5.474207534416e-05	7.77242504167175e-06
AMP22_0215	Common_Shiner	0.000126399697208481	2.74733466711937e-05	0.00014635318513736	7.86309202291895e-06	4.11194950653583e-05	0.999607323904832	9.47297164957618e-06	2.54737388239864e-05	8.52073125424957e-06
AMP22_0217	Common_Shiner	0.00010511123785317	1.89306637305211e-05	3.23728460388349e-05	4.23688863673122e-06	4.68516858255914e-06	0.999763703405857	1.04479398504314e-05	5.08498964503852e-05	9.66283371147689e-06
AMP22_0218	Common_Shiner	2.19445588077104e-05	2.09547631281366e-05	1.11099618482194e-05	0.999873544037342	3.17837804082796e-06	3.37306028216955e-05	7.17670236439036e-06	1.84221432191735e-05	9.93992761136541e-06
AMP22_0219	Common_Shiner	0.000124844181711115	1.75455846556412e-05	1.9299059462444e-05	5.65179874043522e-06	3.6108067685952e-06	0.99973080209891	9.70473162783834e-06	8.09537470645233e-05	7.58851872527201e-06
AMP22_0220	Common_Shiner	0.000101390207443454	5.08919677517651e-05	0.00208064910806621	7.68424549034027e-06	1.06100997320821e-05	0.997377495308717	0.00026171132541056	9.80704596386023e-05	1.14973015463385e-05
AMP22_0221	Common_Shiner	0.00013496597278386	5.37019149647008e-05	0.0270724025682236	0.536157919069131	5.90911566679727e-06	0.436528920511405	9.07403229489174e-06	3.06579113346524e-05	6.44863544540424e-06
AMP22_0222	Common_Shiner	0.000134701364256786	2.33056718351856e-05	4.85093472848897e-05	6.71714279643071e-06	4.80513747249685e-06	0.999734750568867	2.0036437710613e-05	1.79355675107886e-05	9.23910887511017e-06
AMP22_0225	Common_Shiner	4.1774354955341e-05	1.84120105549651e-05	0.468680607497692	1.21446857093071e-05	4.8299496445787e-06	0.531195228000482	1.01024138558877e-05	2.83467758917786e-05	8.55391872927403e-06
AMP22_0226	Common_Shiner	0.268783392603199	1.91701402584064e-05	0.00386779560021872	4.54839167633953e-06	4.44655656160298e-06	0.727261523703734	9.35379695868065e-06	4.13129186724738e-05	8.45602950443211e-06
AMP22_0227	Common_Shiner	0.000321612299561732	4.97233081240485e-05	4.0428361640139e-05	3.28745164863833e-05	5.27911021764653e-06	0.999417106986046	1.74075957328566e-05	0.00010467437704741	1.08941424122677e-05
AMP22_0228	River_Chub	1.5177937645469e-05	9.44948582620886e-06	7.48079742920661e-06	4.71353068379219e-06	3.06264211403216e-06	1.43585501439588e-05	0.999928535977999	1.08832632533363e-05	6.33853338624265e-06
AMP22_0231	River_Chub	0.00016411329767722	4.38305658467082e-05	1.83315460867613e-05	4.33697368296365e-06	5.23370182478834e-06	0.000325349168928155	0.999332209686438	9.84294162027876e-05	8.1658590388784e-06
AMP22_0232	River_Chub	0.00270762213807959	0.00255020603009115	0.000163279777820837	0.000241162026721684	0.00191942251716982	0.00188270277466191	0.584790646910667	0.403648256808519	0.00209670088340422
AMP22_0234	River_Chub	0.0329662907322248	3.09803791507734e-05	1.67157609224117e-05	2.1413265123721e-05	4.13214166724272e-06	0.000136882524166269	0.966784387330214	3.09002464398904e-05	8.29770179565032e-06
AMP22_0235	River_Chub	0.000236829797724441	5.12316119774394e-05	0.0016320525171822	0.01595433811564	4.22122509380044e-06	5.2918054179916e-05	5.27275785334077e-05	0.982002950906753	1.27300161968819e-05
AMP22_0236	River_Chub	0.034140363957112	4.67940106615436e-05	5.63924917554444e-05	0.00611898067671185	9.91201252597095e-06	9.25112052932046e-05	0.959232614417871	0.000279955408166173	2.2475946023661e-05
AMP22_0237	River_Chub	7.68496023307613e-05	2.96923335910966e-05	2.133114231219e-05	1.13446641071657e-05	7.74647010043203e-06	6.40098178798459e-05	0.998767149647077	0.001012380850797	9.4960031658691e-06
AMP22_0241	Creek_Chub	0.0105157708656616	0.00010691344526929	0.00030961113911313	0.00405040170708283	3.95491465777109e-05	0.000135822271929224	0.00262665980804037	0.982191442926725	2.38286952589018e-05
AMP22_0242	River_Chub	8.23731358619351e-05	2.20254790222819e-05	1.72351955284011e-05	5.18788461337723e-06	4.43639783797737e-06	2.85195816775434e-05	0.520682920147975	0.479147702107827	9.60046507877788e-06
AMP22_0243	Common_Shiner	0.0183072369076675	2.75319112425999e-05	0.0241073129108797	7.27654740311721e-06	5.64332809237188e-06	0.948910682936509	0.00851868713220271	0.000106369310912057	9.25924844621247e-06
AMP22_0244	Common_Shiner	0.0671199291444694	4.62480282597131e-05	0.00882225607347209	4.5931677196329e-06	5.023967709962e-06	0.923956750392914	1.04277882289105e-05	2.71055784127979e-05	7.66574633195951e-06
AMP22_0245	Common_Shiner	0.209980223615964	0.000323059703166568	0.0156323285601102	0.0162712285450349	4.51733681811211e-06	0.757745566944281	6.87316636554604e-06	2.96971815891899e-05	6.50475964202135e-06
AMP22_0249	Common_Shiner	6.61093854538682e-05	5.11649878578555e-05	0.00737780853104778	5.71434324176262e-06	5.36655972644006e-06	0.989680999199549	1.14680927669805e-05	0.00279005285277726	1.13162569059099e-05
AMP22_0251	Common_Shiner	0.172177304839094	0.000189366578719409	0.00939124843901307	0.000287307040641753	2.21602464850997e-05	0.759839694261551	2.04511440214204e-05	0.0580473198164254	2.51478411692729e-05
AMP22_0253	Common_Shiner	0.00012818724116575	0.000467153594417642	0.0134830266918677	1.59957356876541e-05	0.0069798179907569	0.978654507001241	1.02668093644116e-05	0.000248518585091708	1.25263230307706e-05
AMP22_0254	Common_Shiner	0.00720513383280019	8.98094199416659e-05	0.0120710544843023	0.00305623376101237	3.811835506296e-05	0.968900547544161	4.69935661311547e-05	0.000653687668936586	0.00793842136762881
AMP22_0255	Common_Shiner	0.00011246758548037	0.000326252272523275	8.11314943055232e-05	1.66120749284321e-05	4.55111490579634e-06	0.989973358492056	9.07568374295095e-06	1.65382227867306e-05	0.00946001315691198
AMP22_0258	Common_Shiner	0.62242267070214	1.64730534728874e-05	3.58292725547939e-05	4.59611323416515e-06	4.81778430380544e-06	0.37745285192132	1.17609345152545e-05	4.07474924971322e-05	1.02529061766154e-05
AMP22_0259	Common_Shiner	5.12606053437288e-05	2.6881928861612e-05	0.00323665452609647	0.00228787603952029	9.24961481706232e-06	0.994310589790344	2.05256405300239e-05	4.8473974496458e-05	8.48741316907261e-06
AMP22_0260	Common_Shiner	0.0708293410241604	5.88920959977469e-05	0.00236450996990995	0.0428186168776204	1.26607310876305e-05	0.883826083262761	3.34267793965796e-05	4.44905681789057e-05	1.19784255123609e-05
AMP22_0261	Common_Shiner	0.0758467090753838	0.000210238844256137	0.000158674055742451	0.0018782978055339	5.31234845826624e-06	0.921597825288773	0.000243641557516016	5.04145975616059e-05	8.88634373842109e-06
AMP22_0264	Common_Shiner	0.00108779378539671	3.462194186422e-05	0.0268837205469608	1.20892460230208e-05	6.74637376546095e-06	0.971872349997361	1.58581891567863e-05	6.7926630375978e-05	1.88937161487929e-05
AMP22_0265	Common_Shiner	0.00012425924841843	3.7286895461833e-05	0.00435092660475145	1.74978656495536e-05	3.48894165854555e-06	0.995413446048895	1.01020150139372e-05	3.56149376010226e-05	7.37718773376285e-06
AMP22_0266	Common_Shiner	0.00206994959440744	4.11756061738098e-05	0.0154512375559037	1.31402561546199e-05	3.97233570372973e-06	0.982363758484523	9.36717854535794e-06	3.52320212928203e-05	1.21666157497906e-05
AMP22_0268	Common_Shiner	0.000326561223922025	2.65205382446164e-05	0.00571853580345244	4.88022433688729e-06	5.82604799640772e-06	0.298566397696733	0.695286972284317	5.73656654391093e-05	6.9395923020063e-06
AMP22_0269	Common_Shiner	0.0101958542522671	0.000126893264028559	0.00020964604906949	0.00362189006137002	5.25096278410499e-06	0.955536080857118	9.12598177650029e-06	0.0302761827778692	1.90757520050818e-05
AMP22_0271	Common_Shiner	0.000168955436157518	0.000483015467093366	0.00672593646846993	0.00346517970325658	3.70964244720053e-06	0.989022277275721	6.17991567655612e-05	5.71199411720946e-05	1.20067508976541e-05
AMP22_0273	Hornyhead_Chub	0.506824771294991	4.83369428695853e-05	1.24663821121359e-05	5.51965570317286e-05	4.29979910590875e-06	5.12421831985257e-05	1.05936488837452e-05	2.18892820705802e-05	0.492971203565598
AMP22_0274	Creek_Chub	0.996848488251368	4.00487018726909e-05	2.12211230946213e-05	0.00290881186819752	8.1836651927041e-06	0.000115072169644198	7.16536658672478e-06	4.17577111991904e-05	9.25062841437144e-06
AMP22_0275	Creek_Chub	0.997339048544566	3.34712782672999e-05	9.94274467189934e-06	9.27632340313443e-06	3.75860816219781e-06	3.74158633291036e-05	1.06089358737022e-05	0.00254592412548903	1.05535856863763e-05
AMP22_0276	Creek_Chub	0.98095086290439	3.26922392923896e-05	1.86777276332301e-05	5.57180853854516e-06	3.6203149683238e-06	0.01893518960246	8.61834483434637e-06	3.33625772483178e-05	1.14043404444879e-05
AMP22_0280	Hornyhead_Chub	0.000236191135819596	0.000151764835888578	1.82507748193384e-05	0.988739632070065	7.91441507206442e-06	3.38570238227593e-05	0.010726924684442	6.6293573236151e-05	1.91716242950543e-05
AMP22_0281	Hornyhead_Chub	0.000180701674211661	0.000355034738453394	0.0064073408182303	0.0380957240965217	4.85636593501816e-06	0.000206173595546628	2.6227295370469e-05	0.000164348499646053	0.954559593200684
AMP22_0282	Hornyhead_Chub	8.46914062652836e-05	4.47134605597732e-05	1.39182026917824e-05	9.06419110677141e-06	1.2133341715835e-05	3.47494866315486e-05	5.32919280707781e-05	5.47736479937254e-05	0.99969266462326
AMP22_0283	Hornyhead_Chub	0.000579113977721401	4.44710700135018e-05	9.25112400414253e-06	5.93765578434496e-06	5.73713301777052e-06	0.00557266823810294	0.0101674535788285	0.00025767272753554	0.983357694447041
AMP22_0284	Hornyhead_Chub	2.46086662034233e-05	9.27540097947699e-06	9.54010435990524e-06	6.65483653872144e-06	4.00732543401085e-06	1.71596799798767e-05	2.43846252743462e-05	1.41072029173359e-05	0.999890262385209
AMP22_0285	Hornyhead_Chub	0.000273476717883946	0.000197472181368926	4.52125549573218e-05	1.64280385759653e-05	5.73573619052322e-06	0.000795871924222498	0.00240796689264411	0.00025163950760003	0.996006196796894
AMP22_0287	Hornyhead_Chub	0.001079677044589	0.000322583354790872	4.38307520478079e-05	9.8764348564454e-06	0.000251419838974471	0.00300513659928592	1.66670555959229e-05	0.000387046428273812	0.994883762578169
AMP22_0289	Western_Blacknose_Dace	0.000459386004013065	1.37344249655068e-05	1.30656915602784e-05	4.5231556018386e-06	3.85000362518313e-06	0.000343253275588644	6.04425354058317e-06	0.999148821651936	7.32196527142769e-06
AMP22_0290	Western_Blacknose_Dace	7.32169465780887e-05	4.13411860673255e-05	1.0285317762915e-05	1.49100782291711e-05	3.47686091805683e-06	0.000134143995230385	9.03633964553279e-06	0.999591211398443	0.000122377499378321
AMP22_0291	Western_Blacknose_Dace	0.000224152034360038	6.71908702283397e-05	9.50811653516352e-06	5.52848612175094e-06	4.10969339004393e-06	3.37107093720722e-05	7.81160582924505e-06	0.999640389084816	7.59956747714435e-06
AMP22_0292	Western_Blacknose_Dace	0.000192622166968984	2.25756814606628e-05	1.29044832077674e-05	5.19233871471524e-06	4.92235615664143e-06	2.95302078561417e-05	8.55757323724701e-06	0.999714123904705	9.57159062198234e-06
AMP22_0293	Central_Stoneroller	3.48437431397827e-05	3.53503518206251e-05	1.39127214915668e-05	5.85452461316713e-06	0.988232084492842	2.23138981813326e-05	1.17183640417502e-05	2.14839534187702e-05	0.0116224383618683
AMP22_0294	Central_Stoneroller	6.90109564477227e-06	7.51037728264046e-06	8.11397219214428e-06	5.03016501772856e-06	0.99993582123518	7.82529782015792e-06	7.58891855042516e-06	1.25044983073531e-05	8.70524788876951e-06
AMP22_0295	Central_Stoneroller	9.82556150811989e-06	7.44217120068593e-06	6.46552281002741e-06	4.61423069184906e-06	0.999946927368641	8.52792267710264e-06	5.10435097890572e-06	6.1263194956262e-06	4.966966840755e-06
AMP22_0297	Central_Stoneroller	0.476497793803612	4.23545799697297e-05	1.31472635962823e-05	7.13192891306089e-06	0.523299338847399	6.52548828039813e-05	2.37590625809508e-05	4.09899194227292e-05	1.02303100200522e-05
AMP22_0298	Western_Blacknose_Dace	0.000388698673707012	2.09469635072974e-05	1.66288275464925e-05	7.06969462304278e-06	4.01403239514669e-06	5.69168654168667e-05	1.2418344536851e-05	0.999483198285103	1.01086508451628e-05
AMP22_0302	Western_Blacknose_Dace	0.000119536145836694	4.43180427525965e-05	1.25608533067819e-05	5.34084456246034e-06	0.000223255722543452	8.63984863348745e-05	1.05343277275668e-05	0.999489619175593	8.43660809681105e-06
AMP22_0303	Central_Stoneroller	0.142820795881251	5.0121372680864e-05	2.51044821386941e-05	2.04393636677043e-05	0.856709699571133	5.61498654335404e-05	1.2413820727219e-05	0.000298332269651756	6.94336486661651e-06
AMP22_0304	Western_Blacknose_Dace	0.000121015399581648	1.94305644457781e-05	1.11373957859242e-05	1.99600132276017e-05	0.0016680317962948	6.18726730530216e-05	8.54963171425442e-06	0.998080374022325	9.62842075791657e-06
AMP22_0305	Western_Blacknose_Dace	0.00110147937059109	1.45167967762435e-05	1.67605674553584e-05	5.50625922734433e-06	9.28742936523783e-06	2.45590635860527e-05	1.16569457107808e-05	0.998806244870027	9.98907148026032e-06
AMP22_0306	Western_Blacknose_Dace	0.000239619711040157	3.48272205856773e-05	1.471899300628e-05	5.79742733305674e-06	4.40047417776249e-06	3.95123684002579e-05	7.65071902822556e-06	0.999644477287928	8.99648354878949e-06
AMP22_0307	Central_Stoneroller	0.000194095189330217	2.20473072682624e-05	1.56345107721436e-05	5.94236767267849e-06	4.79324166513382e-06	3.26379033052107e-05	8.37670521497053e-06	0.999707579016685	8.89422584050895e-06
AMP22_0309	Western_Blacknose_Dace	0.000212517471937768	4.96107261130229e-05	1.29440391736397e-05	6.5324573500726e-06	3.88152657311751e-06	4.89600312157388e-05	7.95151208917653e-06	0.999643561402957	1.40408009041246e-05
AMP22_0310	Central_Stoneroller	8.70300595452349e-06	1.03140044124656e-05	7.05782858791026e-06	4.20925577925993e-06	0.999940464516481	8.33796502095641e-06	3.80700393463894e-06	7.89012684468677e-06	9.2169270443767e-06
AMP22_0311	Western_Blacknose_Dace	7.73960383368446e-05	2.6702316473053e-05	1.67516705367763e-05	4.69142065248795e-06	3.54499794031315e-06	3.1920967417535e-05	8.77260259993345e-06	0.999821787079175	8.43351411071931e-06
AMP22_0313	Central_Stoneroller	1.75367226320056e-05	1.77415463186114e-05	7.5135206049222e-06	4.19354731995252e-06	0.58970794971784	1.50169350355263e-05	0.410195581883192	1.64026624932188e-05	1.80634177485093e-05
AMP22_0315	Western_Blacknose_Dace	8.02364055180688e-05	2.68965170323655e-05	1.23621548998084e-05	5.48931595184784e-06	5.01677475992274e-06	5.00278214186849e-05	4.87458617309512e-05	0.999763093372186	8.13207899423641e-06
AMP22_0317	Western_Blacknose_Dace	0.000227456507961444	9.0514526415011e-05	5.36299272005478e-05	4.64956273134281e-06	0.000175355837970156	7.04569729249645e-05	7.02109228855516e-06	0.999365243872007	5.67231258242112e-06
AMP22_0318	Common_Shiner	0.000130876045554434	2.99649282768827e-05	0.00561725627615427	6.48664359076032e-06	3.90180385908794e-06	0.994158474504948	8.41725113203052e-06	3.58407268627456e-05	8.78133495939403e-06
AMP22_0319	Common_Shiner	5.64767002084043e-05	3.70298422277233e-05	0.0039358830011639	6.22293203664691e-06	4.59123656081396e-06	0.995906968017419	7.39916603441145e-06	3.82916581011521e-05	7.13779632690269e-06
