Mandeville_ID	Common_Name	1	2	3	4	5	6	7	8	9	10	11	12	13
AMP19_0002	Western_Blacknose_Dace	2.50172115118911e-05	0.000115916086998814	0.302295921951532	4.88210203732905e-05	0.000479738209098666	8.4775264817741e-05	0.000143895286478749	0.0870086750783958	0.515485629792015	0.0293410306099104	0.0533938499690533	1.48182854105429e-05	0.0115619112603793
AMP19_0003	Western_Blacknose_Dace	0.0888297107846787	0.0157905975925581	0.280010205700994	5.00610414780894e-05	0.000462675586503635	0.00100304062313782	0.000118517859042004	0.0753319945403685	0.523345487033327	0.0149527207493002	5.85989573927533e-05	1.62309409207511e-05	3.01585851253529e-05
AMP19_0004	Western_Blacknose_Dace	0.00299720332128968	0.0631681883968413	0.00463352679616106	1.63036578999728e-05	0.000534146184129121	0.000109253276336051	3.29846806030563e-05	0.920405928353469	0.00467859644648713	0.000392069268263095	0.00301723973880312	6.09013915752969e-06	8.46991223324605e-06
AMP19_0005	Western_Blacknose_Dace	9.29450157983314e-06	0.0164266153095911	8.27589583192675e-05	0.937263885527849	0.000374364724421235	1.49342729851994e-05	2.21146148483469e-05	0.00119089473912472	0.0445615189447223	8.74119669729436e-06	1.65609435361237e-05	3.53226634816726e-06	2.47841060267138e-05
AMP19_0007	Western_Blacknose_Dace	4.26509605803188e-06	0.0298103445637971	3.53036641830548e-05	8.43313253855127e-06	0.370071657729646	9.88166190359772e-06	2.01903482933388e-05	4.21233855492319e-05	0.59991536976397	5.01579700145772e-05	2.2532025946849e-05	3.29123052856885e-06	6.44952713416742e-06
AMP19_0008	Western_Blacknose_Dace	9.34490046025611e-06	0.0627097558627526	7.36888626428773e-05	3.71573490316892e-05	0.378641701869667	3.95263563509003e-05	3.33471130628552e-05	0.0218718994211522	0.527688464179635	7.50540685895489e-06	0.00883321599509502	2.74645249488629e-06	5.16463978953589e-05
AMP19_0009	Western_Blacknose_Dace	4.19654638072556e-06	6.42922830008471e-06	2.60413419544411e-05	8.21432569292614e-06	8.45218577834308e-05	7.50918087109313e-06	1.6292622685838e-05	0.999724531422059	8.90747149471055e-05	9.47683146060434e-06	1.20735456463297e-05	4.6589680288729e-06	6.97982460453741e-06
AMP22_0004	Creek_Chub	5.97407696122121e-06	8.475030906268e-06	0.156164289618532	1.13165197428581e-05	0.000413474655772679	2.67395459038535e-05	3.16488571637724e-05	0.00422875500217649	0.838887949685256	4.64908523679645e-05	0.000155990459086526	1.13853501752329e-05	7.51009500628219e-06
AMP22_0005	Western_Blacknose_Dace	0.00413569603145394	8.53873145600088e-06	0.0302900447843131	1.42616175152943e-05	0.000316668016115316	5.00174103041776e-05	4.24731621884178e-05	0.959447552810113	5.53690602139458e-05	1.57489063701042e-05	0.000141221322788164	0.00540755873109447	7.4849244121742e-05
AMP22_0007	Western_Blacknose_Dace	4.56495390836768e-06	1.00241929494668e-05	0.0258286260648941	1.10722482318467e-05	0.00151935981643642	3.03405441754716e-05	3.77196483056337e-05	0.971266512274742	0.00111789301440403	1.35897013502279e-05	0.000149610566061837	2.92995880099909e-06	7.75728775173143e-06
AMP22_0011	Western_Blacknose_Dace	7.45168250544256e-06	8.06330648928845e-06	0.000191409771820256	1.18727664979637e-05	0.000335880153711989	1.20124793426651e-05	3.19420669562518e-05	0.99705594504873	0.000110284895897143	1.29263115682313e-05	7.51576038318309e-05	0.0021405802866769	6.47372418859852e-06
AMP22_0013	Western_Blacknose_Dace	1.00762996239773e-05	2.60278798527846e-05	8.3479607537556e-05	2.84098215327605e-05	0.0356713794758718	2.18715673846608e-05	0.000155304984879359	0.961507431586583	0.00239277026103641	1.65935073677889e-05	6.31533593061211e-05	8.41089835827969e-06	1.5090881608536e-05
AMP22_0014	Western_Blacknose_Dace	3.83822416102252e-06	6.30209471055325e-06	8.27149410448721e-05	1.04328135011093e-05	6.48663830331082e-05	7.21391787981022e-06	2.00191089521839e-05	0.999625563681126	0.000149407806725905	9.0797735764537e-06	9.50062725543582e-06	3.45257279018833e-06	7.60863172884564e-06
AMP22_0015	Western_Blacknose_Dace	5.36806446450803e-06	7.87148260740187e-06	0.000184984732569367	2.71270060204141e-05	0.000452647727811741	2.96818786285506e-05	2.19855927143546e-05	0.998928112179041	0.000123789651709435	7.66210336555818e-05	8.5846642451345e-05	4.84674220111688e-05	7.49710717686923e-06
AMP22_0017	Western_Blacknose_Dace	0.000332471591853031	0.104553551622977	0.115818556362453	2.78748860554817e-05	0.000511430671821098	0.000327654350869784	0.00111047878245431	0.762065894911687	0.00897024336188222	0.0016525051681638	0.00455512499345303	8.32427607207568e-06	6.58889691448687e-05
AMP22_0022	Creek_Chub	5.49611498706556e-06	8.19678372040784e-06	0.0107258093812969	1.46739408218287e-05	0.922410292565823	4.4357649081518e-05	0.000103191046063322	8.47903296043611e-05	0.0211887335506785	2.05917219490446e-05	0.000339039209140452	0.0450325454001625	2.2282395369301e-05
AMP22_0023	Creek_Chub	2.5660833238535e-05	0.0318540763904651	0.0336268008969103	2.51572870776821e-05	0.901443942238887	0.000114364232375015	5.65169538672249e-05	0.00789460202411752	0.0170480538140987	2.31272855270434e-05	0.000152860005264685	6.48706278035165e-06	0.00772835104375069
AMP22_0024	Creek_Chub	6.75206175085437e-06	2.31770438408931e-05	0.0025433199262245	0.00973225528884602	0.253531573372583	0.000114539193468099	2.96793773909639e-05	0.732019649475813	0.00119695660634302	1.36510738404599e-05	0.000182861194007405	2.22998987847399e-05	0.000583285454333996
AMP22_0028	Creek_Chub	1.38565221824789e-05	7.50024917707717e-06	0.000143846148036929	1.38831475045357e-05	0.461328424314658	1.51476798214159e-05	0.538059280360738	0.000212572088696594	0.000148439816939019	2.12736806392465e-05	2.35155714527334e-05	4.31212595773039e-06	7.94862600100588e-06
AMP22_0029	Creek_Chub	0.0126150419913853	2.42065943748877e-05	0.376069058728715	1.99011983995989e-05	0.600297091066837	4.18033720832202e-05	0.000151329993860577	9.86324921024601e-05	0.000276690696717447	5.86465870540194e-05	0.00028716447934833	1.0791249502723e-05	0.0100496415399636
AMP22_0030	Creek_Chub	7.35505052944014e-06	0.00855891484371387	0.000115513677325844	1.07016329663283e-05	0.939153774221738	1.21622702291641e-05	1.92058908632135e-05	0.000321241728969774	0.051746176790058	8.29682560246216e-06	2.88388981706641e-05	2.86710851591087e-06	1.49511344438714e-05
AMP22_0037	Creek_Chub	8.77799269978152e-06	0.000218361317221998	0.0372705369020085	4.09446783354062e-05	0.898593100408713	0.000487287055634644	0.000153728335370018	0.00313282589720455	0.00327053886564981	5.56886769441604e-05	0.00354855825674118	2.13197722071868e-05	0.0531983314389363
AMP22_0038	Creek_Chub	8.87378919171152e-06	1.38479661685426e-05	6.94202552220014e-05	1.75152586810349e-05	0.979337219129006	9.44437527713478e-06	2.99706209726892e-05	0.00032341029482012	0.0201339025371033	1.40955352405523e-05	2.52992079618684e-05	6.24984306300795e-06	1.07512042820269e-05
AMP22_0044	Creek_Chub	7.21684477547851e-06	6.3922208556446e-06	0.103838695058599	1.31328053743693e-05	0.826923870603243	1.29562882225558e-05	6.59821429245824e-05	0.000152352372226898	0.0682414074821139	1.33476599641794e-05	0.000713734038660206	3.84266311405732e-06	7.07002371582117e-06
AMP22_0045	Creek_Chub	9.44781788000169e-06	1.75510556413734e-05	3.74216048036324e-05	1.61517368480459e-05	0.94996452926596	2.50183104154346e-05	3.28031353573895e-05	0.000578285594027946	0.0492364645703456	2.32032622751202e-05	3.8502790168972e-05	1.02868622123442e-05	1.03338744724791e-05
AMP22_0046	Western_Blacknose_Dace	7.73117692679585e-06	0.000138418654331592	3.59425288618311e-05	2.21650645020501e-05	0.000125264390103869	2.08848126561396e-05	0.000243928712806092	0.999241367638111	0.000118239409603603	1.23157233458862e-05	2.16646920006207e-05	5.20422745476243e-06	6.8735147928918e-06
AMP22_0048	Creek_Chub	2.77778770366939e-05	0.000118793416957685	0.000236189676059111	0.000147278096065018	0.000536622360799921	0.000185821323935071	0.000990488964530133	0.0175760318232035	0.000507573679971532	8.3663253558107e-05	0.00023127350106497	3.16517669524523e-05	0.979326834162076
AMP22_0051	Western_Blacknose_Dace	6.89450219940457e-06	1.4505754396019e-05	0.000381715523563474	2.96935095536564e-05	0.000933017314550341	2.90589141204769e-05	0.000102912139372174	0.99541244589289	0.000415835642755774	3.86244565903125e-05	9.47307279223683e-05	5.00246940370525e-06	0.00253556323380538
AMP22_0052	Western_Blacknose_Dace	6.76098150035345e-06	4.98613390716103e-06	0.000156700864917914	1.03904364850183e-05	8.70573484744747e-05	1.13095778653779e-05	9.7002749372263e-05	0.994329430262248	0.000100439842595486	0.00517194730816118	1.44444659760407e-05	3.15467044728887e-06	6.37563497828754e-06
AMP22_0053	Creek_Chub	5.07792192729986e-06	1.53450281289588e-05	0.0542126975691256	1.3221188556074e-05	0.773909590204557	3.06533648207315e-05	3.8954443194157e-05	0.0837176557742059	0.0874899390422659	2.08753533264883e-05	3.71354440382949e-05	1.2325963070018e-05	0.000496528936990092
AMP22_0054	Western_Blacknose_Dace	3.76050960375102e-06	6.74312013498756e-06	3.20675721505097e-05	1.05994608679798e-05	0.000116255614867449	5.91332181945922e-06	2.18132440494296e-05	0.999672810614109	0.000101833756946392	8.11689415754434e-06	9.23934840099746e-06	2.61432546252375e-06	8.23284149013625e-06
AMP22_0058	Creek_Chub	5.51996069275404e-06	1.28103403536783e-05	0.0108962681836432	9.68984368096054e-06	0.976376862933238	1.38955945217429e-05	2.48951536278833e-05	3.270080163412e-05	0.00798299486730369	1.31032682982325e-05	0.00224071124766396	3.05968843170012e-06	0.00238748790956307
AMP22_0061	Creek_Chub	6.07911755576791e-06	1.22702317542739e-05	5.88810638629414e-05	1.14000794364674e-05	0.959112975031137	1.1767167741051e-05	6.78679531349883e-05	4.3694618107316e-05	0.0406265150406177	1.2044088599415e-05	1.4273930447407e-05	4.25720458523449e-06	1.79748667110807e-05
AMP22_0062	Western_Blacknose_Dace	5.41403874302973e-06	1.76781430464953e-05	0.185761514787873	1.02417209385917e-05	0.000125124953822625	3.01992779214056e-05	3.45108102629451e-05	0.81268099368612	0.00036362858997837	0.000882966284985098	4.07661173534264e-05	6.73551102098506e-06	4.02262398189211e-05
AMP22_0067	Creek_Chub	0.0245466108328352	2.08002341088642e-05	0.000181134474322305	3.75799560896752e-05	0.942833471844594	4.18580259506369e-05	0.00010422516552947	0.000174153912469759	0.03192988192414	5.03837327977398e-05	4.84498712933038e-05	1.22928282582108e-05	1.91572904218829e-05
AMP22_0071	Creek_Chub	6.06602760236712e-06	9.87257711701969e-06	0.10909828220432	3.54261213745329e-05	7.40573904515635e-05	0.000133471437532656	8.29189837782369e-05	0.889648817757765	0.000119135939946537	9.26775788648699e-05	8.82009962066053e-05	0.000558176011995616	5.2896740173645e-05
AMP22_0072	Creek_Chub	8.69527063252202e-06	0.0380854435826962	5.14487802168408e-05	1.20053970130149e-05	0.955610841115316	2.02688368999221e-05	2.25279561154164e-05	0.000585538896884244	0.000179460143119441	1.84550148916432e-05	3.47971647095535e-05	8.34797782605323e-06	0.00536216980298438
AMP22_0075	Creek_Chub	2.13578866278523e-05	1.34320895433849e-05	0.000139428705232383	1.92610431219179e-05	0.915255601942539	0.00011264509154096	0.000129671169685467	0.000461637617804805	0.0833772708380905	1.44295354431889e-05	0.000133875592111521	0.000310609880134722	1.0778221243392e-05
AMP22_0082	Common_Shiner	0.0172915346471903	1.08367278480439e-05	0.941887015889088	3.75696768202299e-05	0.000814573810722371	0.000819890039918855	6.98462826779673e-05	0.000249250784996475	0.00268040340159798	0.000200248018774708	0.0355897578549072	8.701370226331e-06	0.000340371195474614
AMP22_0084	Creek_Chub	4.05431550548429e-06	6.54981927748086e-06	0.0519279104781648	2.53463672545167e-05	0.000239911433537327	5.77890759867696e-05	0.000317270479507606	0.0025141783508882	0.942324373652538	0.00115490896393304	0.00141520888861334	3.02048441830876e-06	9.47772247055228e-06
AMP22_0085	Creek_Chub	0.0705901286030809	0.000836947658297822	0.68496320827802	3.00154935838637e-05	0.00177255085321853	0.00676001204238947	0.00023157066581977	7.36831817218259e-05	0.142337415295963	0.0258746735716217	0.000347023987213796	0.0596646675293644	0.00651810297111337
AMP22_0086	Hornyhead_Chub	8.08166061217513e-05	5.25424719902363e-05	0.000372838665179538	0.000135005732868073	0.00206758289366417	0.000108212328765938	0.0109309117516919	0.549373560448488	0.00146760490029563	0.391130362510681	0.000142508053901921	1.43353880705997e-05	0.0441237181909382
AMP22_0088	Creek_Chub	2.69526279085989e-05	5.39966715452946e-06	4.55884151937321e-05	1.05890947694033e-05	0.000170924489044956	3.52233790619951e-05	2.03148535280311e-05	3.24665978019904e-05	0.999476092894872	9.32892446937859e-06	3.1263449591107e-05	2.87944272243963e-06	0.000132976307968782
AMP22_0093	Western_Blacknose_Dace	4.64054460828377e-06	6.18756701308492e-06	3.44468894581394e-05	9.33444387230669e-06	0.695526895821095	2.42681557619733e-05	4.56821479923298e-05	0.248744523401062	0.0508240576062619	0.0046078258900455	3.38074774088151e-05	1.74197316180593e-05	0.000120910590539308
AMP22_0094	Western_Blacknose_Dace	1.30776274087447e-05	1.07280132395068e-05	5.78988249961786e-05	2.48876488672859e-05	0.000112952021967913	1.42208782105134e-05	3.44720901201622e-05	0.999544206251701	6.99620126582264e-05	5.27299318527106e-05	3.84746501392572e-05	8.63763759914544e-06	1.77530383543771e-05
AMP22_0095	Western_Blacknose_Dace	1.33529169081676e-05	0.0553708598902449	0.00721061014953252	1.86570866362454e-05	0.00022019419336532	0.000226611641218556	0.000257893987133623	0.742523271153371	0.00014654513564944	0.000146001451570603	0.000328185178804707	0.193479485784968	5.83315515770411e-05
AMP22_0096	Western_Blacknose_Dace	4.22410777890892e-06	0.00340256846616588	0.00880364848586511	1.30486162309696e-05	0.000108031117184607	1.18882995203751e-05	2.2062495437883e-05	0.987411913812161	0.000122221818160191	4.22606637320412e-05	4.69525311755343e-05	3.46940166827442e-06	7.70997071396306e-06
AMP22_0099	Western_Blacknose_Dace	1.20957345654358e-05	0.00452820258130177	7.28981580676436e-05	1.23274235017384e-05	0.000432721412365848	2.12890297747595e-05	0.000259627214465854	0.994339553614457	0.000222535657975444	1.39440912840125e-05	5.97231246270878e-05	6.73268770887251e-06	1.83496235790584e-05
AMP22_0101	Western_Blacknose_Dace	4.93269217986497e-06	6.584339988096e-06	3.74103725781497e-05	1.21258084733798e-05	0.00020931594420898	1.40808303853221e-05	1.94817666006249e-05	0.979838408867518	0.0198033070490284	1.20228080441998e-05	2.03951449662182e-05	1.07031917294333e-05	1.12313358742629e-05
AMP22_0102	Western_Blacknose_Dace	5.53931823438601e-06	1.00158260358584e-05	0.0535189486729602	1.91409839899555e-05	0.00068307163832026	4.03078883582061e-05	3.44647000784252e-05	0.945015284200509	0.000207901200408445	0.000349959301243835	8.00592204455825e-05	2.58026058300275e-05	9.50433466986273e-06
AMP22_0105	Western_Blacknose_Dace	3.47116135614469e-05	1.07608786654827e-05	4.57710576607273e-05	1.66029803966261e-05	0.00836285957047166	3.45522342170231e-05	3.23814307735618e-05	0.990995113104582	0.000400242327644553	1.54102044702594e-05	2.91141965838276e-05	1.34213766761515e-05	9.05925748646636e-06
AMP22_0106	Western_Blacknose_Dace	1.69274977587769e-05	8.32403123444173e-06	0.016358566734032	0.000100936075371741	0.000636198448030134	7.22615507022677e-05	3.58948537314231e-05	0.937666626761357	0.000440862468801494	0.0309996663241958	0.000168771634767051	0.0134872507330341	7.71341126914225e-06
AMP22_0107	Western_Blacknose_Dace	2.11466748795049e-05	0.00585425205443365	0.00027587628860372	1.51870697869385e-05	0.000112743802883622	5.58097910203276e-05	3.37792711610152e-05	0.842975807189941	0.000117872325061811	0.018862017359507	0.000109998043358607	0.13155321252346	1.22974485302583e-05
AMP22_0108	Western_Blacknose_Dace	0.00608039175647233	0.014847188885867	4.64712617556939e-05	7.72314284058499e-05	6.31823454551868e-05	2.17972783148538e-05	7.90449512352649e-05	0.914458653897047	0.000166682459997991	1.60947865667811e-05	4.62299544419768e-05	0.0640863564821581	1.06745216270408e-05
AMP22_0110	Western_Blacknose_Dace	3.93573189487575e-06	5.26063881367966e-06	3.90872621159631e-05	3.43311221286368e-05	0.000209404184021678	1.6357543302695e-05	2.41677125069994e-05	0.509751746838291	0.485649736667673	9.17683116335017e-06	2.50073243229448e-05	0.00422575477254577	6.03343222374885e-06
AMP22_0114	Western_Blacknose_Dace	0.00288486320758723	1.91655956808399e-05	5.2604918105285e-05	1.39928942466017e-05	0.000149003863129814	1.29372708757141e-05	6.28307787617671e-05	0.996654641767343	0.000101805163117733	1.36130598945358e-05	1.66851283619387e-05	3.4480968388773e-06	1.4407991154044e-05
AMP22_0116	Western_Blacknose_Dace	7.60901125217131e-06	6.83875004974991e-06	0.000135781209456097	3.89532492651478e-05	0.000108057791060554	2.17752970730477e-05	3.45864382912094e-05	0.995325067003568	6.54041067373897e-05	2.34125169746957e-05	3.57314208208952e-05	0.0041884001417396	8.38281542975122e-06
AMP22_0117	Western_Blacknose_Dace	5.61003961622255e-06	1.19674028675113e-05	3.41780363356327e-05	1.04387420187972e-05	8.98906630212953e-05	1.35204544127299e-05	1.67609158368572e-05	0.999501133451859	0.000156360470070229	1.34570936309854e-05	1.96431237436162e-05	4.91245218878577e-06	0.000122127694620961
AMP22_0118	Western_Blacknose_Dace	3.82120243450996e-06	9.20185972457951e-06	3.55566057973404e-05	3.17106852552371e-05	8.70936504365371e-05	3.30132300485221e-05	1.73649795987205e-05	0.999078733146191	9.68976394579533e-05	1.07082562784753e-05	4.53173314062476e-05	0.000541564236537306	9.01724998539772e-06
AMP22_0122	Creek_Chub	4.08911184664245e-06	5.84357372278567e-06	3.33919858101946e-05	1.61651008274295e-05	0.000252619788782837	6.97669999467034e-06	2.07465585750415e-05	2.70314042363591e-05	0.999607781598965	7.98186478797064e-06	9.03678912868466e-06	2.65538197941711e-06	5.68046783163503e-06
AMP22_0123	Creek_Chub	6.37081429783582e-06	9.60052228822399e-06	4.06681138525337e-05	0.000129941565460016	0.000797902125055083	8.94339943643128e-05	2.11834610356991e-05	0.0063119554783687	0.992394773572683	1.34715886855523e-05	7.55356721781893e-05	0.000102282209667965	6.88107899863284e-06
AMP22_0125	Creek_Chub	4.52717940371161e-06	5.87967808876567e-06	4.66373906899042e-05	9.50621609169719e-06	0.000179685240550657	6.40667036638895e-06	2.24240623252278e-05	0.000112663773582003	0.999575392057498	1.31804749945628e-05	1.41968244997442e-05	3.25756809707872e-06	6.24333871455548e-06
AMP22_0126	Creek_Chub	4.49798389335599e-06	4.97894146426038e-06	3.44012869626952e-05	1.0922419162365e-05	9.54997382152581e-05	9.9216056638017e-06	2.19834495201081e-05	5.90407213641434e-05	0.999699168215195	7.99162351390379e-06	1.48943490740032e-05	3.15194984798488e-06	3.35479456525039e-05
AMP22_0127	Creek_Chub	4.06718597126068e-06	6.38258105569827e-06	3.22751818491899e-05	2.00063653185135e-05	0.000182158965010299	8.77922500035404e-06	1.73347865644781e-05	3.50840710474805e-05	0.999657200286786	1.12622476074076e-05	1.5015926872249e-05	4.14026572283447e-06	6.29339230920575e-06
AMP22_0128	Creek_Chub	4.232783880583e-06	6.53227552009419e-06	2.16282476448632e-05	8.91194421721392e-06	0.000172913658868756	1.10305401082667e-05	3.27314463446839e-05	0.000468259010608212	0.999225060204665	1.08768377834248e-05	2.89662864249576e-05	2.85744450529311e-06	5.99971536330522e-06
AMP22_0129	Creek_Chub	4.40242059134238e-06	6.94874423652746e-06	5.41312879367447e-05	1.72109029060815e-05	0.861854310592016	8.91489086874046e-06	2.1800601104083e-05	4.2562411805388e-05	0.137948513291155	1.42044753582853e-05	1.22518827096309e-05	8.17192584408935e-06	6.57646503777153e-06
AMP22_0130	Creek_Chub	4.38830168415982e-06	6.60705253794534e-06	0.0260879089785352	1.05472570081716e-05	0.000337672077428669	2.32402218582473e-05	2.43724500550236e-05	7.05612106161284e-05	0.973106201946735	1.29071208811748e-05	4.74185165538218e-05	3.32509102539555e-06	0.000264849657139638
AMP22_0131	Creek_Chub	3.7329855955386e-06	6.33286044238806e-06	3.11989760236615e-05	8.48981876009466e-06	0.000449351682345356	1.54911413467009e-05	2.6572234159855e-05	3.10820964947104e-05	0.999316008528074	9.61354207841453e-06	1.53927193298498e-05	3.62013857838877e-06	8.31140472777875e-05
AMP22_0133	Creek_Chub	1.60151753793694e-05	3.02871884314222e-05	0.167207762708267	3.8815800127778e-05	0.00155312211373355	3.14697032589481e-05	0.000118848193058076	0.406277908198535	0.423870003029704	5.98852561685618e-05	0.000755875904709392	1.51323615433975e-05	2.48744542263771e-05
AMP22_0136	Creek_Chub	3.71097070774889e-06	6.30473849796807e-06	2.99232627621073e-05	7.82601232268497e-06	0.000748618698120192	6.89944626126868e-06	1.86873578255692e-05	3.7636243736669e-05	0.999110857685407	8.03037199543052e-06	1.29980902577255e-05	3.12580990085876e-06	5.38168578210917e-06
AMP22_0141	Creek_Chub	0.565311863223712	5.80085207041428e-06	7.02370701154525e-05	9.70860977096755e-06	0.000348600385481194	1.36606637413391e-05	7.29313445980316e-05	0.000235769373849249	0.433878250777721	1.96206905564311e-05	2.30918062382181e-05	3.84427892496431e-06	6.62140913712044e-06
AMP22_0142	Creek_Chub	3.98445367900642e-06	7.37800840114159e-06	3.09386271604686e-05	1.28544718682154e-05	0.000343848753088464	6.74348888335124e-06	2.37063391531125e-05	3.04787593422751e-05	0.999507322241863	1.2415045843783e-05	1.04776902223326e-05	3.41003331593533e-06	6.44269054257663e-06
AMP22_0143	Creek_Chub	1.94595961794418e-05	6.0861516907223e-06	0.00137173063050478	2.13551104240202e-05	0.0102438124496991	3.58465066390551e-05	2.4153588794759e-05	9.97948172582812e-05	0.988030528078477	9.81871022234187e-05	3.99551634151987e-05	2.84663628807458e-06	6.24410007606335e-06
AMP22_0144	Creek_Chub	4.05964183783576e-06	5.50450624958117e-06	5.02688742575395e-05	1.04271657602901e-05	0.00764037985796325	2.0029559796406e-05	2.33361961766066e-05	0.000443526788312524	0.991669551322858	9.82487822760973e-05	2.31388795147489e-05	4.14930312699213e-06	7.37920330566921e-06
AMP22_0145	Creek_Chub	3.73994327426316e-06	6.86838060526748e-06	3.21162159000499e-05	1.08055130089263e-05	0.000414667946619907	5.21339425993053e-06	1.96404401513013e-05	3.81563621696823e-05	0.999427964677413	8.65666523792573e-06	2.32500345020184e-05	3.32581592242471e-06	5.59512760788127e-06
AMP22_0146	Creek_Chub	4.28920758923621e-06	6.27886436417518e-06	4.22911806451388e-05	6.92716577647323e-05	0.0110278872773703	9.27853815296502e-06	1.74945806899519e-05	4.49401480852827e-05	0.988740740319093	8.61593216345161e-06	1.69270317801129e-05	3.06285514194276e-06	8.92288491952885e-06
AMP22_0148	Creek_Chub	4.90846451640326e-06	6.39594018650082e-06	3.00371270145423e-05	1.05171929664359e-05	0.00260424207950235	6.09618365935655e-06	2.01493985751869e-05	2.34445864328642e-05	0.997259253710508	9.48850225105472e-06	1.76366634553763e-05	3.13830646923018e-06	4.69188051759037e-06
AMP22_0149	Common_Shiner	3.98204356637249e-06	6.72693815149422e-06	0.998609534988801	1.11178293574651e-05	5.1377860920297e-05	8.34042727679217e-06	3.43464435362878e-05	3.29453496788963e-05	7.7374575691217e-05	0.0011255872501529	2.76045585292462e-05	3.28577652933078e-06	7.77649477086683e-06
AMP22_0150	Common_Shiner	0.0149983065463603	6.23397506434143e-05	0.952488696028789	1.59875211179222e-05	0.000559244018619086	2.59241144272732e-05	0.000111093994047793	0.0286037850851426	0.00290598634088922	2.39562678768095e-05	0.000189104578105725	6.25447220831662e-06	9.32128681109668e-06
AMP22_0152	Common_Shiner	0.999911615520716	6.22303472254062e-06	7.6980418067279e-06	6.37001962175282e-06	1.32748635042367e-05	4.641046401901e-06	1.08924955503102e-05	8.62512925238153e-06	1.03528393205039e-05	5.31226603685577e-06	7.27501156433235e-06	2.59231239791859e-06	5.12817805509258e-06
AMP22_0153	Common_Shiner	7.25767042794211e-06	6.23142245299559e-06	0.999137512485186	1.08350152856571e-05	9.57046241437101e-05	1.72975466787017e-05	2.39977931812897e-05	2.60187108891567e-05	0.000143674791026773	0.000419043020480821	7.8557084467179e-05	2.61397426773604e-05	7.73049192810241e-06
AMP22_0154	Common_Shiner	4.32294681416241e-06	6.57476607766369e-06	0.996711876869202	1.00490816559687e-05	4.88399180008871e-05	9.96431054433705e-06	2.21696637993117e-05	2.70863774395258e-05	7.41451999887305e-05	0.00278405134862421	0.000292749350374664	2.48101324866079e-06	5.68900234273518e-06
AMP22_0155	Rosyface_Shiner	0.999821124692758	5.70051465003071e-06	3.86119610942026e-05	8.48239904711041e-06	1.68307516761163e-05	7.22304967967912e-06	1.89093771095272e-05	1.30100306186778e-05	1.64313067779453e-05	2.97388642485019e-05	1.00362190611732e-05	3.59369879872076e-06	1.03077693922526e-05
AMP22_0156	Rosyface_Shiner	0.996354406416416	1.00779376725206e-05	0.000270925564749198	5.44778007542193e-05	0.00133356728009976	2.57989503861139e-05	0.000155993326134721	0.000416373861774037	0.000763012922011753	2.41500189093692e-05	4.48945053498497e-05	1.20905690278743e-05	0.000534231215386364
AMP22_0157	Rosyface_Shiner	0.979225893487533	1.08472829248362e-05	1.46994719562056e-05	1.38175463226257e-05	1.71992430199447e-05	1.11145233264891e-05	1.80489621747525e-05	1.54590390018988e-05	1.38278370437812e-05	7.88025648082079e-06	1.43188002984856e-05	0.020629040426109	7.85333383229274e-06
AMP22_0160	Rosyface_Shiner	0.999914992690086	3.46598369375492e-06	9.75475396581883e-06	5.06426203740784e-06	6.81565795454964e-06	6.02501720979575e-06	2.41376969766549e-05	5.3611835455837e-06	6.35196426173236e-06	4.51299816941377e-06	5.51384415168111e-06	2.56693537751961e-06	5.43741568344247e-06
AMP22_0161	Rosyface_Shiner	0.87538322532177	8.39615348225861e-06	0.0119929745671951	1.36115495969732e-05	0.000245425039974328	5.55495030705943e-05	0.00800491841621689	0.000174638387821693	0.102880024896314	5.47393776834483e-05	0.000998227031417727	4.33498437397117e-06	0.000183935142997353
AMP22_0164	Rosyface_Shiner	0.999879719605049	4.54624069472745e-06	1.10292778725583e-05	5.91363880336999e-06	2.69393519853786e-05	7.1889134315738e-06	1.12527830521929e-05	9.3049272233522e-06	1.92511935919376e-05	6.26690515699184e-06	9.27551244903374e-06	5.05042909719709e-06	4.26159472276475e-06
AMP22_0165	Rosyface_Shiner	0.999901537458102	4.42953291431648e-06	9.42491179105176e-06	6.32885537001545e-06	8.86972816571374e-06	6.07756238442435e-06	1.41138852774729e-05	7.66998542083747e-06	1.31987886583362e-05	6.72811969666856e-06	1.02345194023201e-05	6.57305655306969e-06	4.81415986788561e-06
AMP22_0168	Rosyface_Shiner	0.785355660021305	7.96099825773564e-06	4.70460695554116e-05	1.09871306383638e-05	0.000175766870240989	9.66286297572514e-06	8.54470195883498e-05	4.90018681090927e-05	0.214195474721491	2.43501730049507e-05	2.58760216571957e-05	3.88383908096406e-06	8.88229382312902e-06
AMP22_0169	Rosyface_Shiner	0.999929777085781	4.10791841441047e-06	6.44142485493678e-06	5.02006176389603e-06	7.93439388503482e-06	4.66109049438309e-06	7.99706169050086e-06	6.42573440491654e-06	1.0007518201212e-05	5.07945742320742e-06	6.38068508720603e-06	2.26860049987805e-06	3.89965437607891e-06
AMP22_0170	Rosyface_Shiner	0.986966903318961	1.49197040236647e-05	0.000990803638957686	1.06439268613851e-05	0.00417527532268987	1.38007152640744e-05	8.22697788109377e-05	0.000341539351683868	0.00717034864407161	1.28671948754566e-05	0.000208898315745198	3.26215577950188e-06	8.46750699581232e-06
AMP22_0174	Rosyface_Shiner	0.759231981188059	6.413532132627e-06	0.000105655978994453	3.28395478340299e-05	0.000179013098844061	1.47673084078031e-05	6.34413965888543e-05	0.239812152246634	0.000146816551842751	3.64917352083482e-05	0.000353468157517099	3.23131681942166e-06	1.3727646644781e-05
AMP22_0175	Rosyface_Shiner	0.999885017534097	4.52866838007006e-06	1.38415084250892e-05	8.1752779120707e-06	2.03349146426426e-05	5.17703788950375e-06	1.2531448055829e-05	1.13340545296089e-05	1.49160874092253e-05	6.06302012476879e-06	8.69334589512281e-06	3.187973619773e-06	6.19992755689583e-06
AMP22_0177	Rosyface_Shiner	0.996614548166593	8.40752314621323e-06	1.04100218436206e-05	7.80514472671065e-06	1.68255708907925e-05	7.83088599178137e-06	1.4828883381528e-05	1.11900265131e-05	1.4171394088869e-05	5.98301099691678e-06	8.55524710667095e-06	3.14389273966573e-06	0.0032763003228517
AMP22_0178	Rosyface_Shiner	0.996828318456809	1.09066506441486e-05	1.17298468267331e-05	8.66052211934536e-06	1.13534261726706e-05	1.07155617319595e-05	2.90532716955861e-05	1.32927561101152e-05	1.27298735691981e-05	7.20032796338825e-06	9.37975610988274e-06	4.18956526185658e-06	0.00304247017784806
AMP22_0179	Rosyface_Shiner	0.999841019680103	5.1766998211927e-06	9.95650833737595e-06	7.6243833471639e-06	1.07095236987054e-05	8.49521854224961e-06	6.86291147849545e-05	9.61833190833384e-06	1.02244138991633e-05	6.48965866096383e-06	7.34949921576355e-06	3.8893092453613e-06	1.08177631664136e-05
AMP22_0181	Rosyface_Shiner	0.999899992058675	4.57332891657329e-06	1.09140938236659e-05	6.9355667946577e-06	1.23793432942485e-05	5.2145095116421e-06	9.42716785267236e-06	9.5038097822841e-06	1.02201287534702e-05	1.48388288362861e-05	7.82071778712629e-06	2.5223859277905e-06	5.65872865266756e-06
AMP22_0182	Rosyface_Shiner	0.999887268334627	4.66983994000205e-06	1.13714837246309e-05	6.18827573141718e-06	1.11930508044497e-05	6.85926116277936e-06	9.49744965141042e-06	8.47971684984369e-06	1.18081631512357e-05	5.76779548099729e-06	7.94881111741614e-06	3.26314377303211e-06	2.56853554156225e-05
AMP22_0187	River_Chub	3.87906195544346e-06	0.999839753697316	9.7819966818112e-06	5.31639526054087e-06	1.15526903245829e-05	7.82198062536185e-06	6.95754489100231e-06	8.83488313537043e-06	1.18671757659387e-05	5.73333309175716e-06	9.84117036522609e-06	2.82391905387224e-06	7.58364740064111e-05
AMP22_0188	River_Chub	3.89991967309202e-06	0.504442160447439	3.56210441478481e-05	9.0072121127809e-06	0.000196689789864	7.12220682851108e-06	1.59906039536716e-05	3.49897923884563e-05	0.495219911172986	9.09119072134398e-06	1.55419495957165e-05	2.95728974539934e-06	7.01739860852215e-06
AMP22_0189	River_Chub	2.8380997148144e-06	0.999917768319448	1.22611377215406e-05	6.44646845328998e-06	9.30118717604103e-06	4.61337343575935e-06	7.04805892689258e-06	1.11722710001284e-05	7.80246914748179e-06	4.66452947332391e-06	5.24140186197847e-06	3.15778198087661e-06	7.68533365733922e-06
AMP22_0190	River_Chub	0.000107957984247576	0.999783293743928	1.18969413057928e-05	7.7952437891386e-06	1.42314468040614e-05	8.39136082523625e-06	1.06380881212793e-05	1.27200840296634e-05	1.73323574149519e-05	9.1940680522016e-06	8.58666984647653e-06	2.88878181869973e-06	5.07380133995545e-06
AMP22_0191	River_Chub	2.19931443824867e-06	0.999942941188812	6.43657999953076e-06	4.21580407315794e-06	6.51514951130352e-06	3.97657421256323e-06	5.41246377454955e-06	5.92334135278801e-06	7.03409244791864e-06	4.19255911485133e-06	4.91227020270421e-06	2.06367152875853e-06	4.17768825755662e-06
AMP22_0193	River_Chub	3.61207358811952e-06	0.999913702607155	9.15561455225952e-06	7.20631637351538e-06	1.08084059239754e-05	5.18988644178921e-06	8.69031483871674e-06	9.03754494032153e-06	1.24846152036234e-05	6.25237079528564e-06	6.2724997353856e-06	2.40494518712141e-06	5.1831224968691e-06
AMP22_0194	River_Chub	0.000761139812777037	0.998704008460045	3.71545352279389e-05	1.49681023919281e-05	8.88302568503749e-05	4.59015177037769e-05	0.000141703880894897	6.31695330691329e-05	7.04853482273592e-05	1.35485691314044e-05	3.8747284026962e-05	1.04376518171224e-05	9.90522231285628e-06
AMP22_0195	River_Chub	5.71629717832486e-06	0.993330063273509	0.000753631712530832	1.35561664369174e-05	0.000571393500822904	5.34355087855169e-05	0.00277599536958134	0.000310027992417269	0.00135979994093681	0.000732666411452558	7.74546578445269e-05	7.03068692006686e-06	9.22890843407992e-06
AMP22_0197	Creek_Chub	6.68694363459853e-06	5.50482812719088e-06	3.66786587181047e-05	1.64333690387669e-05	0.000163777636877501	2.32052470635284e-05	2.07208412137764e-05	4.87516190039362e-05	0.999616608877977	1.06177084123454e-05	2.69621497200803e-05	1.40016162969253e-05	1.00509596588613e-05
AMP22_0198	Common_Shiner	4.34688090361051e-06	0.00140103202419396	0.981847939391931	1.48104847713501e-05	9.61371619395073e-05	1.16267316696041e-05	4.78186209394724e-05	8.49037355065197e-05	0.000105391902675344	0.0162299193669266	0.000147564036549482	3.74114063758584e-06	4.76831662687009e-06
AMP22_0201	Common_Shiner	0.0027761000307916	1.41948899915378e-05	0.926316117395957	1.0405659171089e-05	0.000352341626714866	3.95994934060747e-05	6.75561121011963e-05	0.0523737787352875	0.00106534995161821	5.52175042403229e-05	7.16373017006547e-05	0.0168471633765536	1.05378680955639e-05
AMP22_0203	Common_Shiner	4.08791909440543e-06	6.81766093996187e-06	0.692509056697289	8.29885186915159e-06	0.000116981615668477	8.54750474830075e-06	1.40234390035071e-05	1.96603543734375e-05	0.307073530460397	6.20496233050832e-05	0.000169071983385655	2.76443721990324e-06	5.10947641353063e-06
AMP22_0204	Common_Shiner	3.86239284377882e-06	1.88532867333018e-05	0.99954981341958	9.14324119133138e-06	0.000166512555044186	1.07359608247718e-05	1.90749824460224e-05	2.66534388113643e-05	0.000101619468256853	1.63286884904279e-05	6.2521509730054e-05	5.52570235624058e-06	9.35595108067635e-06
AMP22_0205	Common_Shiner	0.00036988952607648	1.89478757317757e-05	0.99804120773077	1.09747716855715e-05	0.000110021407170246	9.69792762017757e-05	0.000522487889147975	3.78777674074358e-05	0.000148821963578914	1.37061076261116e-05	0.000619065296074424	3.01861030446666e-06	7.00212890828811e-06
AMP22_0206	Common_Shiner	4.13895426859154e-06	6.2990731605257e-06	0.999377202103535	9.59159978933021e-06	0.000102608347470447	8.56812438669463e-06	1.73625414334054e-05	5.04082873040823e-05	0.00015530982777662	9.64034507339593e-05	0.000160443798167296	3.76196573651932e-06	7.90216445185642e-06
AMP22_0208	Common_Shiner	0.000188635571929114	0.000127525574113849	0.879468049993118	6.71686915968525e-05	0.00197410494175325	0.00117047575961088	0.000741912665097677	0.033654640379039	0.0539766859008762	0.00636056352600415	0.00569225530646857	4.38270944223842e-05	0.0165341542499849
AMP22_0210	Common_Shiner	4.40728902244908e-06	5.92608117953435e-06	0.994920665174723	9.13224284880512e-06	6.24336700168519e-05	7.74826082611267e-06	2.5737729928779e-05	3.02821924795449e-05	3.9060463642652e-05	0.00480421755916171	8.07977324190474e-05	3.3158545057064e-06	6.27513674926387e-06
AMP22_0211	Common_Shiner	0.015835112476411	3.12462638268458e-05	0.908348875572284	2.26921612333801e-05	0.00359984552751676	0.000424453763608063	0.000345318212491128	0.000335757093896815	0.0503150446349555	0.0194987091666553	0.00118049574509046	3.8297213184029e-05	2.41522665172066e-05
AMP22_0212	Common_Shiner	9.50980246024121e-06	8.85469900955638e-05	0.997657320131858	4.38401120403792e-05	0.000177424669916987	0.000369503737879944	0.00011172278827577	6.20608378350732e-05	0.000677374417507626	0.000197210322366147	0.000452502478082072	0.000147301639699431	5.6825236594915e-06
AMP22_0214	Common_Shiner	4.18412050141269e-06	7.54547528853212e-06	0.990840879917145	1.0084502709496e-05	0.000187841269767456	3.96453745563897e-05	2.96277167708098e-05	0.000114749651244278	0.000161905418650355	0.00797649943719929	8.17761784816159e-05	0.000537602035498681	7.65862267206491e-06
AMP22_0215	Common_Shiner	5.94804716192434e-06	7.62387588272277e-06	0.997309361755848	4.25336491071964e-05	0.000125040822027712	4.32170034382415e-05	2.11866432561495e-05	4.43383647782982e-05	0.000144918927068174	0.000104387071165177	0.00211923628739415	2.62940264595614e-05	5.91330639820126e-06
AMP22_0217	Common_Shiner	4.41110123870522e-06	7.14005922336883e-06	0.995517294267813	8.3960396979882e-06	5.84102800857186e-05	7.4239591460635e-06	2.6114348409802e-05	2.4906871531965e-05	6.63330648307115e-05	1.95834504842286e-05	0.00425013110483739	3.42774844704333e-06	6.42793474127633e-06
AMP22_0218	Common_Shiner	0.999881298174461	4.48535661065881e-06	1.38790303420615e-05	7.26456289762874e-06	1.5520897229719e-05	5.72194965436903e-06	2.23134749989194e-05	1.14738674601943e-05	1.56199589563314e-05	7.12006751702473e-06	6.72259497356581e-06	2.85427619909693e-06	5.72617132226481e-06
AMP22_0219	Common_Shiner	3.23580527828062e-06	6.95675193179994e-06	0.99966327526172	7.33549906607361e-05	6.06324079055884e-05	7.96543242899332e-06	2.35574375050014e-05	3.69014269136752e-05	6.09180399395738e-05	1.70800529600368e-05	3.7482482125457e-05	2.83263327153601e-06	5.80759793028083e-06
AMP22_0220	Common_Shiner	5.45366980199801e-06	0.000171517826960713	0.995958098312219	2.53773874620433e-05	0.000128150283397947	2.87316726892709e-05	3.47980844774718e-05	7.95067706277769e-05	0.000388310246372516	0.00191937705258984	0.00124774613913704	5.53914804071825e-06	7.39319203582044e-06
AMP22_0221	Common_Shiner	0.536640805224578	9.80875185030489e-06	0.435687322686116	8.64463627989131e-06	7.51696128412719e-05	1.12366649001561e-05	3.27677168347694e-05	3.22813127726006e-05	5.20339308857745e-05	0.0273933946120863	4.55558064717478e-05	4.22843601001639e-06	6.75063049309357e-06
AMP22_0222	Common_Shiner	3.75800982920161e-06	1.04237443896537e-05	0.99967579699556	8.0675534033956e-06	4.24408631800339e-05	8.89557229507414e-06	1.79474403994191e-05	4.20012486712115e-05	6.95199893512505e-05	6.14938878519883e-05	5.00746477415491e-05	3.3545777224321e-06	6.22603929789254e-06
AMP22_0225	Common_Shiner	7.07735680174701e-06	5.05485872227771e-06	0.528281300807993	8.66541545934171e-06	6.5195254233612e-05	7.83985407173794e-06	3.40247966574952e-05	3.2078386935522e-05	7.82906991219895e-05	0.471444361964862	2.69638992260616e-05	3.30535214147605e-06	5.84103548913051e-06
AMP22_0226	Common_Shiner	4.67582899431447e-06	7.98329703421566e-06	0.724855868736903	8.027880162068e-06	0.000194806382554371	9.13105912662784e-06	1.59530444072606e-05	4.21140593621063e-05	0.271116651671628	0.00364065678846661	9.43471320525771e-05	3.16487146746626e-06	6.61901000229215e-06
AMP22_0227	Common_Shiner	2.92245822146564e-05	1.18126948914785e-05	0.99901571298639	1.52767624410681e-05	0.000185984641966052	1.97123059797283e-05	3.81494497466672e-05	0.000283659800891339	0.000210143894256946	2.74767915750843e-05	0.000148866085760086	3.4786253525663e-06	1.05017106511471e-05
AMP22_0228	River_Chub	3.05517970787025e-06	0.999915414144596	1.14666601005986e-05	4.89087159543257e-06	9.79710445636617e-06	5.08617793415953e-06	8.67339095898495e-06	8.54764857513052e-06	1.06730409450589e-05	5.28703917686676e-06	8.6645889972797e-06	2.02376779752963e-06	6.42097221627259e-06
AMP22_0231	River_Chub	5.62270964869929e-06	0.999531986912092	7.07234290055013e-05	1.95484608135151e-05	0.000109025914395212	1.15271433817222e-05	3.93953402218638e-05	4.73484469593363e-05	9.01866210123012e-05	1.27707777366159e-05	4.9946785736395e-05	4.23523800803568e-06	7.68236555209932e-06
AMP22_0232	River_Chub	4.20144162118529e-05	0.578991163735588	0.000222471961788304	0.000151863081602247	0.00120612552622141	0.00852379483221052	0.000207250243662931	0.3993922478954	0.000749550699406477	0.000118611478426365	0.0100197153114401	0.000183303906067981	0.000191886325908577
AMP22_0234	River_Chub	2.01561856524255e-05	0.96736297728618	0.000133014128573329	1.27960445902578e-05	0.0047165850038663	1.59119079948262e-05	2.92712443138889e-05	3.54245700459124e-05	0.0276205385865469	1.41237671532542e-05	2.7722894099653e-05	3.46039057851e-06	8.01810355010351e-06
AMP22_0235	River_Chub	0.0157111266075323	5.2707130424155e-05	7.63318691340042e-05	0.0116452150580008	6.60558899896449e-05	2.93901195761564e-05	2.38820445234929e-05	0.970649286816518	3.41190058004335e-05	0.00167436370895861	2.62554570310456e-05	3.38483844527382e-06	7.88167729984476e-06
AMP22_0236	River_Chub	0.006649306631259	0.959782594939073	6.47740145073129e-05	2.73419139388962e-05	0.000208925987769621	2.63219580998648e-05	0.000133917890842916	0.000217773250500926	0.0327864096860091	3.32239013501711e-05	4.65418981057768e-05	1.01843931858076e-05	1.2683296310756e-05
AMP22_0237	River_Chub	8.47969319940168e-06	0.998804633080959	4.27313474671572e-05	1.88089150096123e-05	7.26367148686904e-05	2.15960583129757e-05	2.16489201394405e-05	0.000895393153564269	5.92942524788097e-05	1.30378344324206e-05	2.68223423238626e-05	5.95456960275568e-06	8.96336126665874e-06
